# ICODE=211, JCODE=-211
# Normalized GAUSSIAN BF, SIGMA_GAUSS=0.3
# NSAMPLE=100000, Tblast=100, UPERPblast(x,y)=(0.75,0.75)
# BARYON_FUDGE=0.75
# ------- normalization=0.170172 -----------------
#dely    BF
0.050  0.2324  0.0022
0.150  0.2103  0.0020
0.250  0.2057  0.0021
0.350  0.1761  0.0019
0.450  0.1509  0.0017
0.550  0.1490  0.0018
0.650  0.1270  0.0016
0.750  0.1159  0.0016
0.850  0.0873  0.0013
0.950  0.0705  0.0011
1.050  0.0550  0.0010
1.150  0.0457  0.0009
1.250  0.0281  0.0006
1.350  0.0200  0.0005
1.450  0.0156  0.0005
1.550  0.0091  0.0004
1.650  0.0028  0.0002
1.750  0.0002  0.0001
