# ICODE=2212, JCODE=-2212
# Normalized GAUSSIAN BF, SIGMA_GAUSS=0.3
# NSAMPLE=100000, Tblast=100, UPERPblast(x,y)=(0.75,0.75)
# BARYON_FUDGE=0.75
# ------- normalization=0.0288236 -----------------
#dely    BF
0.050  0.0443  0.0074
0.150  0.0404  0.0053
0.250  0.0632  0.0100
0.350  0.0104  0.0019
0.450  0.0311  0.0050
0.550  0.0272  0.0059
0.650  0.0389  0.0101
0.750  0.0021  0.0006
0.850  0.0125  0.0040
0.950 -0.0042 -0.0013
1.050  0.0185  0.0070
1.150  0.0028  0.0014
1.250  0.0010  0.0006
1.350  0.0001  0.0001
1.450  0.0000  0.0000
1.550  0.0000  0.0000
1.650  0.0000  0.0000
1.750  0.0000  0.0000
