# ICODE=0, JCODE=0
# Normalized GAUSSIAN BF, SIGMA_GAUSS=0.3
# NSAMPLE=100000, Tblast=100, UPERPblast(x,y)=(0.75,0.75)
# BARYON_FUDGE=0.75
# ------- normalization=0.252145 -----------------
#dely    BF
0.050  0.3428  0.0026
0.150  0.3095  0.0025
0.250  0.2878  0.0024
0.350  0.2784  0.0024
0.450  0.2238  0.0020
0.550  0.2081  0.0020
0.650  0.1905  0.0019
0.750  0.1426  0.0016
0.850  0.1320  0.0015
0.950  0.1048  0.0013
1.050  0.0823  0.0011
1.150  0.0827  0.0013
1.250  0.0491  0.0008
1.350  0.0297  0.0006
1.450  0.0270  0.0006
1.550  0.0146  0.0004
1.650  0.0129  0.0005
1.750  0.0030  0.0002
