 0 0
 0.5 0.000213529
 1 0.00042752
 1.5 0.000642434
 2 0.000858728
 2.5 0.00107686
 3 0.00129726
 3.5 0.00152039
 4 0.00174667
 4.5 0.00197652
 5 0.00221035
 5.5 0.00244856
 6 0.00269152
 6.5 0.0029396
 7 0.00319316
 7.5 0.00345251
 8 0.00371797
 8.5 0.00398982
 9 0.00426834
 9.5 0.00455376
 10 0.0048463
 10.5 0.00514616
 11 0.0054535
 11.5 0.00576845
 12 0.00609112
 12.5 0.0064216
 13 0.00675993
 13.5 0.00710612
 14 0.00746017
 14.5 0.00782203
 15 0.00819161
 15.5 0.00856879
 16 0.00895344
 16.5 0.00934536
 17 0.00974434
 17.5 0.0101501
 18 0.0105624
 18.5 0.0109809
 19 0.0114052
 19.5 0.0118349
 20 0.0122696
 20.5 0.0127089
 21 0.0131521
 21.5 0.0135989
 22 0.0140485
 22.5 0.0145005
 23 0.0149541
 23.5 0.0154088
 24 0.0158637
 24.5 0.0163182
 25 0.0167715
 25.5 0.0172228
 26 0.0176713
 26.5 0.0181161
 27 0.0185564
 27.5 0.0189913
 28 0.0194199
 28.5 0.0198412
 29 0.0202543
 29.5 0.0206583
 30 0.021052
 30.5 0.0214346
 31 0.021805
 31.5 0.0221623
 32 0.0225053
 32.5 0.0228331
 33 0.0231446
 33.5 0.0234388
 34 0.0237146
 34.5 0.0239711
 35 0.0242072
 35.5 0.0244219
 36 0.0246142
 36.5 0.0247831
 37 0.0249276
 37.5 0.0250468
 38 0.0251398
 38.5 0.0252056
 39 0.0252434
 39.5 0.0252523
 40 0.0252315
 40.5 0.0251801
 41 0.0250976
 41.5 0.024983
 42 0.0248358
 42.5 0.0246553
 43 0.0244409
 43.5 0.0241921
 44 0.0239084
 44.5 0.0235893
 45 0.0232345
 45.5 0.0228436
 46 0.0224163
 46.5 0.0219525
 47 0.0214519
 47.5 0.0209145
 48 0.0203402
 48.5 0.019729
 49 0.0190811
 49.5 0.0183965
 50 0.0176756
 50.5 0.0169186
 51 0.0161258
 51.5 0.0152976
 52 0.0144347
 52.5 0.0135374
 53 0.0126066
 53.5 0.0116427
 54 0.0106467
 54.5 0.00961935
 55 0.00856153
 55.5 0.00747422
 56 0.00635845
 56.5 0.00521531
 57 0.00404596
 57.5 0.00285162
 58 0.00163357
 58.5 0.000393141
 59 -0.00086827
 59.5 -0.00214922
 60 -0.0034482
 60.5 -0.00476367
 61 -0.00609402
 61.5 -0.00743762
 62 -0.00879278
 62.5 -0.0101578
 63 -0.0115308
 63.5 -0.0129102
 64 -0.0142939
 64.5 -0.0156803
 65 -0.0170673
 65.5 -0.0184532
 66 -0.0198359
 66.5 -0.0212136
 67 -0.0225842
 67.5 -0.0239459
 68 -0.0252967
 68.5 -0.0266345
 69 -0.0279576
 69.5 -0.0292638
 70 -0.0305513
 70.5 -0.0318181
 71 -0.0330623
 71.5 -0.0342821
 72 -0.0354756
 72.5 -0.0366409
 73 -0.0377762
 73.5 -0.0388798
 74 -0.03995
 74.5 -0.040985
 75 -0.0419832
 75.5 -0.0429431
 76 -0.043863
 76.5 -0.0447416
 77 -0.0455774
 77.5 -0.046369
 78 -0.0471152
 78.5 -0.0478146
 79 -0.0484662
 79.5 -0.0490689
 80 -0.0496216
 80.5 -0.0501234
 81 -0.0505735
 81.5 -0.050971
 82 -0.0513153
 82.5 -0.0516057
 83 -0.0518417
 83.5 -0.0520229
 84 -0.0521489
 84.5 -0.0522194
 85 -0.0522343
 85.5 -0.0521934
 86 -0.0520968
 86.5 -0.0519444
 87 -0.0517366
 87.5 -0.0514735
 88 -0.0511554
 88.5 -0.0507829
 89 -0.0503564
 89.5 -0.0498766
 90 -0.049344
 90.5 -0.0487596
 91 -0.0481241
 91.5 -0.0474384
 92 -0.0467037
 92.5 -0.0459209
 93 -0.0450912
 93.5 -0.0442159
 94 -0.0432963
 94.5 -0.0423337
 95 -0.0413295
 95.5 -0.0402854
 96 -0.0392027
 96.5 -0.0380832
 97 -0.0369284
 97.5 -0.0357402
 98 -0.0345202
 98.5 -0.0332703
 99 -0.0319923
 99.5 -0.0306881
 100 -0.0293596
 100.5 -0.0280087
 101 -0.0266374
 101.5 -0.0252478
 102 -0.0238417
 102.5 -0.0224212
 103 -0.0209884
 103.5 -0.0195453
 104 -0.0180939
 104.5 -0.0166363
 105 -0.0151745
 105.5 -0.0137105
 106 -0.0122464
 106.5 -0.0107842
 107 -0.00932583
 107.5 -0.00787327
 108 -0.00642848
 108.5 -0.00499335
 109 -0.00356977
 109.5 -0.00215958
 110 -0.000764596
 110.5 0.000613422
 111 0.00197275
 111.5 0.00331171
 112 0.00462868
 112.5 0.00592208
 113 0.00719039
 113.5 0.00843214
 114 0.00964593
 114.5 0.0108304
 115 0.0119843
 115.5 0.0131064
 116 0.0141954
 116.5 0.0152505
 117 0.0162704
 117.5 0.0172544
 118 0.0182014
 118.5 0.0191106
 119 0.0199815
 119.5 0.0208132
 120 0.0216052
 120.5 0.0223569
 121 0.023068
 121.5 0.023738
 122 0.0243667
 122.5 0.0249538
 123 0.0254992
 123.5 0.0260027
 124 0.0264644
 124.5 0.0268843
 125 0.0272626
 125.5 0.0275995
 126 0.0278951
 126.5 0.0281499
 127 0.0283642
 127.5 0.0285385
 128 0.0286733
 128.5 0.0287691
 129 0.0288266
 129.5 0.0288464
 130 0.0288294
 130.5 0.0287762
 131 0.0286877
 131.5 0.0285648
 132 0.0284084
 132.5 0.0282195
 133 0.027999
 133.5 0.0277481
 134 0.0274677
 134.5 0.0271589
 135 0.026823
 135.5 0.0264609
 136 0.0260741
 136.5 0.0256635
 137 0.0252304
 137.5 0.0247761
 138 0.0243018
 138.5 0.0238088
 139 0.0232982
 139.5 0.0227714
 140 0.0222296
 140.5 0.0216742
 141 0.0211062
 141.5 0.0205271
 142 0.019938
 142.5 0.0193402
 143 0.0187349
 143.5 0.0181234
 144 0.0175067
 144.5 0.0168861
 145 0.0162628
 145.5 0.0156378
 146 0.0150123
 146.5 0.0143873
 147 0.0137639
 147.5 0.0131432
 148 0.0125261
 148.5 0.0119136
 149 0.0113066
 149.5 0.0107059
 150 0.0101126
 150.5 0.00952727
 151 0.00895084
 151.5 0.00838402
 152 0.00782751
 152.5 0.00728198
 153 0.00674805
 153.5 0.00622632
 154 0.00571734
 154.5 0.0052216
 155 0.00473958
 155.5 0.00427169
 156 0.00381833
 156.5 0.00337985
 157 0.00295653
 157.5 0.00254865
 158 0.00215644
 158.5 0.00178008
 159 0.00141971
 159.5 0.00107546
 160 0.000747397
 160.5 0.000435557
 161 0.000139946
 161.5 -0.000139466
 162 -0.000402741
 162.5 -0.000649975
 163 -0.000881293
 163.5 -0.00109685
 164 -0.00129683
 164.5 -0.00148145
 165 -0.00165094
 165.5 -0.00180556
 166 -0.0019456
 166.5 -0.00207137
 167 -0.00218319
 167.5 -0.00228142
 168 -0.00236641
 168.5 -0.00243856
 169 -0.00249825
 169.5 -0.0025459
 170 -0.00258193
 170.5 -0.00260678
 171 -0.00262088
 171.5 -0.0026247
 172 -0.00261869
 172.5 -0.00260332
 173 -0.00257905
 173.5 -0.00254636
 174 -0.00250573
 174.5 -0.00245762
 175 -0.00240251
 175.5 -0.00234087
 176 -0.00227318
 176.5 -0.0021999
 177 -0.00212148
 177.5 -0.0020384
 178 -0.00195108
 178.5 -0.00185998
 179 -0.00176553
 179.5 -0.00166815
 180 -0.00156824
 180.5 -0.00146623
 181 -0.00136248
 181.5 -0.00125739
 182 -0.00115132
 182.5 -0.00104463
 183 -0.000937646
 183.5 -0.000830704
 184 -0.000724113
 184.5 -0.000618172
 185 -0.000513163
 185.5 -0.000409356
 186 -0.000307002
 186.5 -0.000206341
 187 -0.000107595
 187.5 -1.09719e-05
 188 8.33347e-05
 188.5 0.000175147
 189 0.000264302
 189.5 0.000350652
 190 0.000434063
 190.5 0.000514415
 191 0.000591603
 191.5 0.000665535
 192 0.000736134
 192.5 0.000803334
 193 0.000867083
 193.5 0.00092734
 194 0.000984079
 194.5 0.00103728
 195 0.00108694
 195.5 0.00113307
 196 0.00117567
 196.5 0.00121478
 197 0.00125043
 197.5 0.00128266
 198 0.00131152
 198.5 0.00133706
 199 0.00135937
 199.5 0.0013785
 200 0.00139453
 200.5 0.00140756
 201 0.00141766
 201.5 0.00142493
 202 0.00142947
 202.5 0.00143138
 203 0.00143076
 203.5 0.00142771
 204 0.00142236
 204.5 0.0014148
 205 0.00140515
 205.5 0.00139353
 206 0.00138003
 206.5 0.00136479
 207 0.0013479
 207.5 0.00132949
 208 0.00130966
 208.5 0.00128853
 209 0.00126619
 209.5 0.00124277
 210 0.00121836
 210.5 0.00119307
 211 0.001167
 211.5 0.00114024
 212 0.00111289
 212.5 0.00108504
 213 0.00105677
 213.5 0.00102818
 214 0.000999349
 214.5 0.000970347
 215 0.000941253
 215.5 0.000912138
 216 0.000883069
 216.5 0.00085411
 217 0.00082532
 217.5 0.000796756
 218 0.00076847
 218.5 0.000740511
 219 0.000712925
 219.5 0.000685754
 220 0.000659035
 220.5 0.000632803
 221 0.00060709
 221.5 0.000581923
 222 0.000557329
 222.5 0.000533328
 223 0.000509939
 223.5 0.00048718
 224 0.000465062
 224.5 0.000443596
 225 0.000422791
 225.5 0.000402652
 226 0.000383182
 226.5 0.000364383
 227 0.000346255
 227.5 0.000328793
 228 0.000311994
 228.5 0.000295852
 229 0.00028036
 229.5 0.000265507
 230 0.000251284
 230.5 0.000237679
 231 0.00022468
 231.5 0.000212274
 232 0.000200445
 232.5 0.00018918
 233 0.000178462
 233.5 0.000168275
 234 0.000158604
 234.5 0.00014943
 235 0.000140737
 235.5 0.000132507
 236 0.000124723
 236.5 0.000117368
 237 0.000110423
 237.5 0.000103873
 238 9.76986e-05
 238.5 9.1884e-05
 239 8.6412e-05
 239.5 8.12664e-05
 240 7.64309e-05
 240.5 7.18898e-05
 241 6.76279e-05
 241.5 6.36301e-05
 242 5.98819e-05
 242.5 5.63695e-05
 243 5.30791e-05
 243.5 4.99979e-05
 244 4.71132e-05
 244.5 4.44131e-05
 245 4.18861e-05
 245.5 3.95211e-05
 246 3.73078e-05
 246.5 3.52361e-05
 247 3.32965e-05
 247.5 3.14803e-05
 248 2.97788e-05
 248.5 2.81842e-05
 249 2.66889e-05
 249.5 2.52858e-05
 250 2.39684e-05
 250.5 2.27304e-05
 251 2.15661e-05
 251.5 2.04701e-05
 252 1.94374e-05
 252.5 1.84633e-05
 253 1.75436e-05
 253.5 1.66743e-05
 254 1.58517e-05
 254.5 1.50725e-05
 255 1.43335e-05
 255.5 1.3632e-05
 256 1.29652e-05
 256.5 1.2331e-05
 257 1.1727e-05
 257.5 1.11513e-05
 258 1.06021e-05
 258.5 1.00779e-05
 259 9.57702e-06
 259.5 9.09827e-06
 260 8.64039e-06
 260.5 8.2023e-06
 261 7.78299e-06
 261.5 7.38158e-06
 262 6.99723e-06
 262.5 6.62921e-06
 263 6.27684e-06
 263.5 5.9395e-06
 264 5.61662e-06
 264.5 5.30768e-06
 265 5.01219e-06
 265.5 4.7297e-06
 266 4.45978e-06
 266.5 4.20204e-06
 267 3.95608e-06
 267.5 3.72155e-06
 268 3.49808e-06
 268.5 3.28536e-06
 269 3.08302e-06
 269.5 2.89077e-06
 270 2.70827e-06
 270.5 2.5352e-06
 271 2.37127e-06
 271.5 2.21615e-06
 272 2.06953e-06
 272.5 1.93113e-06
 273 1.80062e-06
 273.5 1.67771e-06
 274 1.56209e-06
 274.5 1.45348e-06
 275 1.35156e-06
 275.5 1.25605e-06
 276 1.16666e-06
 276.5 1.0831e-06
 277 1.00508e-06
 277.5 9.32336e-07
 278 8.64587e-07
 278.5 8.01568e-07
 279 7.43018e-07
 279.5 6.88682e-07
 280 6.38312e-07
 280.5 5.9167e-07
 281 5.48523e-07
 281.5 5.08647e-07
 282 4.71828e-07
 282.5 4.37857e-07
 283 4.06537e-07
 283.5 3.7768e-07
 284 3.51104e-07
 284.5 3.26638e-07
 285 3.04122e-07
 285.5 2.83401e-07
 286 2.64332e-07
 286.5 2.46779e-07
 287 2.30615e-07
 287.5 2.15722e-07
 288 2.0199e-07
 288.5 1.89316e-07
 289 1.77606e-07
 289.5 1.66771e-07
 290 1.56733e-07
 290.5 1.47416e-07
 291 1.38755e-07
 291.5 1.30687e-07
 292 1.23157e-07
 292.5 1.16114e-07
 293 1.09514e-07
 293.5 1.03315e-07
 294 9.74815e-08
 294.5 9.19809e-08
 295 8.67843e-08
 295.5 8.18664e-08
 296 7.72045e-08
 296.5 7.27791e-08
 297 6.85728e-08
 297.5 6.45707e-08
 298 6.07596e-08
 298.5 5.71281e-08
 299 5.36663e-08
 299.5 5.03656e-08
 300 4.72186e-08
 300.5 4.42188e-08
 301 4.13604e-08
 301.5 3.86384e-08
 302 3.60483e-08
 302.5 3.3586e-08
 303 3.12477e-08
 303.5 2.90299e-08
 304 2.69294e-08
 304.5 2.49428e-08
 305 2.3067e-08
 305.5 2.12989e-08
 306 1.96354e-08
 306.5 1.80732e-08
 307 1.66092e-08
 307.5 1.524e-08
 308 1.39622e-08
 308.5 1.27725e-08
 309 1.16674e-08
 309.5 1.06432e-08
 310 9.69629e-09
 310.5 8.82311e-09
 311 8.01992e-09
 311.5 7.28303e-09
 312 6.60875e-09
 312.5 5.99339e-09
 313 5.43331e-09
 313.5 4.92493e-09
 314 4.46473e-09
 314.5 4.04925e-09
 315 3.67514e-09
 315.5 3.33917e-09
 316 3.0382e-09
 316.5 2.76923e-09
 317 2.5294e-09
 317.5 2.31597e-09
 318 2.12638e-09
 318.5 1.95818e-09
 319 1.8091e-09
 319.5 1.67702e-09
 320 1.55996e-09
 320.5 1.45612e-09
 321 1.36382e-09
 321.5 1.28155e-09
 322 1.20792e-09
 322.5 1.14169e-09
 323 1.08176e-09
 323.5 1.02714e-09
 324 9.76965e-10
 324.5 9.30478e-10
 325 8.8703e-10
 325.5 8.46062e-10
 326 8.07106e-10
 326.5 7.69777e-10
 327 7.3376e-10
 327.5 6.98808e-10
 328 6.64728e-10
 328.5 6.31381e-10
 329 5.98672e-10
 329.5 5.66541e-10
 330 5.34965e-10
 330.5 5.03941e-10
 331 4.73494e-10
 331.5 4.4366e-10
 332 4.14491e-10
 332.5 3.86042e-10
 333 3.58381e-10
 333.5 3.3157e-10
 334 3.05674e-10
 334.5 2.80755e-10
 335 2.56867e-10
 335.5 2.34063e-10
 336 2.12385e-10
 336.5 1.91866e-10
 337 1.72534e-10
 337.5 1.54408e-10
 338 1.37492e-10
 338.5 1.21788e-10
 339 1.07284e-10
 339.5 9.39628e-11
 340 8.17983e-11
 340.5 7.07582e-11
 341 6.08027e-11
 341.5 5.18862e-11
 342 4.39601e-11
 342.5 3.69706e-11
 343 3.08603e-11
 343.5 2.55711e-11
 344 2.10434e-11
 344.5 1.72121e-11
 345 1.40188e-11
 345.5 1.14007e-11
 346 9.29825e-12
 346.5 7.65384e-12
 347 6.41125e-12
 347.5 5.51758e-12
 348 4.92123e-12
 348.5 4.5753e-12
 349 4.43562e-12
 349.5 4.46144e-12
 350 4.61533e-12
 350.5 4.86304e-12
 351 5.17643e-12
 351.5 5.52718e-12
 352 5.89404e-12
 352.5 6.25781e-12
 353 6.60103e-12
 353.5 6.91331e-12
 354 7.18041e-12
 354.5 7.39583e-12
 355 7.55387e-12
 355.5 7.65166e-12
 356 7.68862e-12
 356.5 7.66437e-12
 357 7.58038e-12
 357.5 7.43983e-12
 358 7.2471e-12
 358.5 7.00684e-12
 359 6.72314e-12
 359.5 6.40206e-12
 360 6.05046e-12
 360.5 5.67303e-12
 361 5.2774e-12
 361.5 4.86962e-12
 362 4.45339e-12
 362.5 4.03545e-12
 363 3.62099e-12
 363.5 3.21399e-12
 364 2.81858e-12
 364.5 2.43867e-12
 365 2.07631e-12
 365.5 1.73499e-12
 366 1.41692e-12
 366.5 1.12313e-12
 367 8.54564e-13
 367.5 6.1288e-13
 368 3.96505e-13
 368.5 2.0714e-13
 369 4.21441e-14
 369.5 -9.66361e-14
 370 -2.12229e-13
 370.5 -3.05705e-13
 371 -3.78042e-13
 371.5 -4.31567e-13
 372 -4.67002e-13
 372.5 -4.86835e-13
 373 -4.91971e-13
 373.5 -4.85826e-13
 374 -4.68872e-13
 374.5 -4.44049e-13
 375 -4.13628e-13
 375.5 -3.76983e-13
 376 -3.36225e-13
 376.5 -2.93074e-13
 377 -2.47776e-13
 377.5 -2.01802e-13
 378 -1.57715e-13
 378.5 -1.14673e-13
 379 -7.34743e-14
 379.5 -3.63009e-14
 380 -2.85021e-15
 380.5 2.67716e-14
 381 5.34921e-14
 381.5 7.60502e-14
 382 9.42818e-14
 382.5 1.09749e-13
 383 1.20092e-13
 383.5 1.28067e-13
 384 1.32614e-13
 384.5 1.34428e-13
 385 1.31822e-13
 385.5 1.28829e-13
 386 1.22629e-13
 386.5 1.13675e-13
 387 1.03713e-13
 387.5 9.20794e-14
 388 7.96207e-14
 388.5 6.62376e-14
 389 5.27759e-14
 389.5 4.03738e-14
 390 2.73356e-14
 390.5 1.61303e-14
 391 4.41231e-15
 391.5 -5.33141e-15
 392 -1.62486e-14
 392.5 -2.54643e-14
 393 -3.51459e-14
 393.5 -4.23887e-14
 394 -4.92135e-14
 394.5 -5.51238e-14
 395 -6.02046e-14
 395.5 -6.39984e-14
 396 -6.56054e-14
 396.5 -6.68488e-14
 397 -6.71084e-14
 397.5 -6.77072e-14
 398 -6.78558e-14
 398.5 -6.61471e-14
 399 -6.53666e-14
 399.5 -6.38955e-14
 400 -6.2745e-14
 400.5 -6.02813e-14
 401 -5.76666e-14
 401.5 -5.56313e-14
 402 -5.26567e-14
 402.5 -5.04837e-14
 403 -4.72895e-14
 403.5 -4.47956e-14
 404 -4.28362e-14
 404.5 -4.10567e-14
 405 -3.9201e-14
 405.5 -3.74497e-14
 406 -3.58878e-14
 406.5 -3.47311e-14
 407 -3.2767e-14
 407.5 -3.16771e-14
 408 -2.98502e-14
 408.5 -2.8811e-14
 409 -2.9346e-14
 409.5 -2.90076e-14
 410 -2.91116e-14
 410.5 -2.90221e-14
 411 -2.90099e-14
 411.5 -2.97035e-14
 412 -3.09999e-14
 412.5 -3.22877e-14
 413 -3.39271e-14
 413.5 -3.45304e-14
 414 -3.54345e-14
 414.5 -3.50745e-14
 415 -3.51529e-14
 415.5 -3.47034e-14
 416 -3.40716e-14
 416.5 -3.44204e-14
 417 -3.51352e-14
 417.5 -3.55055e-14
 418 -3.60299e-14
 418.5 -3.55105e-14
 419 -3.65068e-14
 419.5 -3.60261e-14
 420 -3.63058e-14
 420.5 -3.63668e-14
 421 -3.6461e-14
 421.5 -3.74602e-14
 422 -3.74697e-14
 422.5 -3.88671e-14
 423 -3.93861e-14
 423.5 -3.99509e-14
 424 -4.08472e-14
 424.5 -3.99599e-14
 425 -3.99867e-14
 425.5 -4.00059e-14
 426 -4.02903e-14
 426.5 -4.01594e-14
 427 -3.97547e-14
 427.5 -4.07302e-14
 428 -4.01125e-14
 428.5 -4.00569e-14
 429 -4.03173e-14
 429.5 -4.0002e-14
 430 -4.00797e-14
 430.5 -3.9967e-14
 431 -4.00243e-14
 431.5 -4.04883e-14
 432 -4.06037e-14
 432.5 -4.09635e-14
 433 -4.17443e-14
 433.5 -4.15371e-14
 434 -4.16108e-14
 434.5 -4.17758e-14
 435 -4.17274e-14
 435.5 -4.20162e-14
 436 -4.24569e-14
 436.5 -4.32931e-14
 437 -4.37603e-14
 437.5 -4.43035e-14
 438 -4.40963e-14
 438.5 -4.4097e-14
 439 -4.3922e-14
 439.5 -4.31867e-14
 440 -4.26054e-14
 440.5 -4.28783e-14
 441 -4.305e-14
 441.5 -4.40944e-14
 442 -4.42415e-14
 442.5 -4.52069e-14
 443 -4.49209e-14
 443.5 -4.44084e-14
 444 -4.39925e-14
 444.5 -4.35097e-14
 445 -4.30673e-14
 445.5 -4.32129e-14
 446 -4.3196e-14
 446.5 -4.25517e-14
 447 -4.2582e-14
 447.5 -4.25045e-14
 448 -4.25505e-14
 448.5 -4.20424e-14
 449 -4.20153e-14
 449.5 -4.14402e-14
 450 -4.15208e-14
 450.5 -4.1267e-14
 451 -4.07469e-14
 451.5 -4.01917e-14
 452 -3.97779e-14
 452.5 -3.95941e-14
 453 -4.05628e-14
 453.5 -4.03924e-14
 454 -4.04147e-14
 454.5 -3.97597e-14
 455 -4.03363e-14
 455.5 -4.07304e-14
 456 -4.14066e-14
 456.5 -4.09566e-14
 457 -4.12188e-14
 457.5 -4.15301e-14
 458 -4.07731e-14
 458.5 -4.09429e-14
 459 -3.98382e-14
 459.5 -3.97704e-14
 460 -3.89591e-14
 460.5 -3.93297e-14
 461 -3.86308e-14
 461.5 -3.77296e-14
 462 -3.71004e-14
 462.5 -3.65813e-14
 463 -3.59958e-14
 463.5 -3.59638e-14
 464 -3.54649e-14
 464.5 -3.56962e-14
 465 -3.62726e-14
 465.5 -3.66531e-14
 466 -3.66403e-14
 466.5 -3.64576e-14
 467 -3.79017e-14
 467.5 -3.7728e-14
 468 -3.84683e-14
 468.5 -3.97225e-14
 469 -4.09264e-14
 469.5 -4.08749e-14
 470 -4.07256e-14
 470.5 -4.14349e-14
 471 -4.16527e-14
 471.5 -4.13108e-14
 472 -4.14051e-14
 472.5 -4.07283e-14
 473 -4.03781e-14
 473.5 -3.99938e-14
 474 -3.93626e-14
 474.5 -3.8546e-14
 475 -3.85235e-14
 475.5 -3.8214e-14
 476 -3.7899e-14
 476.5 -3.82946e-14
 477 -3.80242e-14
 477.5 -3.84022e-14
 478 -3.88251e-14
 478.5 -3.92055e-14
 479 -3.98829e-14
 479.5 -4.04941e-14
 480 -4.09091e-14
 480.5 -4.14391e-14
 481 -4.13945e-14
 481.5 -4.12078e-14
 482 -4.19796e-14
 482.5 -4.21455e-14
 483 -4.32854e-14
 483.5 -4.37516e-14
 484 -4.42298e-14
 484.5 -4.40791e-14
 485 -4.40383e-14
 485.5 -4.34324e-14
 486 -4.27392e-14
 486.5 -4.24763e-14
 487 -4.30244e-14
 487.5 -4.28496e-14
 488 -4.34432e-14
 488.5 -4.42576e-14
 489 -4.36034e-14
 489.5 -4.37006e-14
 490 -4.35498e-14
 490.5 -4.24497e-14
 491 -4.17636e-14
 491.5 -4.04049e-14
 492 -4.00405e-14
 492.5 -3.96233e-14
 493 -3.93596e-14
 493.5 -3.93294e-14
 494 -3.9634e-14
 494.5 -3.9672e-14
 495 -3.86953e-14
 495.5 -3.87154e-14
 496 -3.7849e-14
 496.5 -3.85068e-14
 497 -3.86831e-14
 497.5 -3.97236e-14
 498 -4.05015e-14
 498.5 -4.11332e-14
 499 -4.13156e-14
 499.5 -4.16114e-14
 500 -3.70052e-13
 500.5 -3.64212e-13
 501 -3.64613e-13
 501.5 -3.61522e-13
 502 -3.51839e-13
 502.5 -3.51078e-13
 503 -3.51022e-13
 503.5 -3.54239e-13
 504 -3.48453e-13
 504.5 -3.49517e-13
 505 -3.28667e-13
 505.5 -3.24347e-13
 506 -3.02237e-13
 506.5 -3.05511e-13
 507 -2.87261e-13
 507.5 -2.89374e-13
 508 -2.96464e-13
 508.5 -2.99004e-13
 509 -3.08907e-13
 509.5 -3.09137e-13
 510 -3.1378e-13
 510.5 -3.22908e-13
 511 -3.17439e-13
 511.5 -3.15001e-13
 512 -3.08403e-13
 512.5 -3.12842e-13
 513 -2.97677e-13
 513.5 -2.97398e-13
 514 -3.13017e-13
 514.5 -3.33373e-13
 515 -3.26624e-13
 515.5 -3.35668e-13
 516 -3.27706e-13
 516.5 -3.20054e-13
 517 -3.07578e-13
 517.5 -3.09586e-13
 518 -3.0529e-13
 518.5 -3.05154e-13
 519 -3.05046e-13
 519.5 -2.90679e-13
 520 -2.81673e-13
 520.5 -2.8052e-13
 521 -2.65466e-13
 521.5 -2.72917e-13
 522 -2.70477e-13
 522.5 -2.75783e-13
 523 -2.83203e-13
 523.5 -2.78987e-13
 524 -2.93324e-13
 524.5 -2.94793e-13
 525 -2.89313e-13
 525.5 -3.08486e-13
 526 -3.06418e-13
 526.5 -2.93948e-13
 527 -2.99394e-13
 527.5 -2.79826e-13
 528 -2.68787e-13
 528.5 -2.53765e-13
 529 -2.38533e-13
 529.5 -2.26639e-13
 530 -2.12996e-13
 530.5 -2.16303e-13
 531 -2.39658e-13
 531.5 -2.7718e-13
 532 -3.41e-13
 532.5 -4.15915e-13
 533 -4.78331e-13
 533.5 -5.29406e-13
 534 -5.46897e-13
 534.5 -4.93348e-13
 535 -3.67738e-13
 535.5 -1.56413e-13
 536 1.17037e-13
 536.5 4.50895e-13
 537 7.93375e-13
 537.5 1.08419e-12
 538 1.26619e-12
 538.5 1.22009e-12
 539 8.8938e-13
 539.5 2.3384e-13
 540 -7.42611e-13
 540.5 -1.94292e-12
 541 -3.23236e-12
 541.5 -4.33482e-12
 542 -4.93725e-12
 542.5 -4.59839e-12
 543 -2.89913e-12
 543.5 5.23668e-13
 544 5.91213e-12
 544.5 1.32806e-11
 545 2.23031e-11
 545.5 3.22774e-11
 546 4.2115e-11
 546.5 5.03869e-11
 547 5.54037e-11
 547.5 5.5558e-11
 548 4.95741e-11
 548.5 3.69802e-11
 549 1.86119e-11
 549.5 -3.00658e-12
 550 -2.31881e-11
 550.5 -3.49343e-11
 551 -2.88913e-11
 551.5 6.10156e-12
 552 8.22921e-11
 552.5 2.11571e-10
 553 4.03904e-10
 553.5 6.6524e-10
 554 9.95485e-10
 554.5 1.38671e-09
 555 1.82202e-09
 555.5 2.27553e-09
 556 2.71407e-09
 556.5 3.10086e-09
 557 3.40168e-09
 557.5 3.59348e-09
 558 3.67537e-09
 558.5 3.6814e-09
 559 3.69402e-09
 559.5 3.85694e-09
 560 4.38534e-09
 560.5 5.57149e-09
 561 7.78313e-09
 561.5 1.14529e-08
 562 1.70569e-08
 562.5 2.50818e-08
 563 3.59805e-08
 563.5 5.01201e-08
 564 6.77248e-08
 564.5 8.88215e-08
 565 1.13197e-07
 565.5 1.40379e-07
 566 1.69649e-07
 566.5 2.00106e-07
 567 2.30793e-07
 567.5 2.60892e-07
 568 2.89994e-07
 568.5 3.18455e-07
 569 3.47809e-07
 569.5 3.81243e-07
 570 4.24086e-07
 570.5 4.8428e-07
 571 5.72779e-07
 571.5 7.03814e-07
 572 8.94955e-07
 572.5 1.1669e-06
 573 1.54294e-06
 573.5 2.04802e-06
 574 2.7074e-06
 574.5 3.54495e-06
 575 4.58101e-06
 575.5 5.83007e-06
 576 7.29836e-06
 576.5 8.98156e-06
 577 1.0863e-05
 577.5 1.29124e-05
 578 1.50864e-05
 578.5 1.73302e-05
 579 1.95814e-05
 579.5 2.17763e-05
 580 2.38597e-05
 580.5 2.5797e-05
 581 2.75902e-05
 581.5 2.92965e-05
 582 3.10506e-05
 582.5 3.30883e-05
 583 3.57722e-05
 583.5 3.96166e-05
 584 4.53119e-05
 584.5 5.37437e-05
 585 6.60081e-05
 585.5 8.34171e-05
 586 0.000107494
 586.5 0.000139955
 587 0.000182675
 587.5 0.000237635
 588 0.000306848
 588.5 0.000392269
 589 0.000495677
 589.5 0.00061854
 590 0.000761865
 590.5 0.000926019
 591 0.00111056
 591.5 0.00131403
 592 0.0015338
 592.5 0.00176586
 593 0.00200469
 593.5 0.00224312
 594 0.00247222
 594.5 0.00268131
 595 0.00285792
 595.5 0.00298792
 596 0.00305566
 596.5 0.00304425
 597 0.00293585
 597.5 0.00271209
 598 0.00235462
 598.5 0.00184564
 599 0.00116857
 599.5 0.000308757
 600 -0.000745776
 600.5 -0.00200357
 601 -0.00346897
 601.5 -0.00514136
 602 -0.00701451
 602.5 -0.00907597
 603 -0.0113065
 603.5 -0.01368
 604 -0.0161626
 604.5 -0.0187137
 605 -0.0212851
 605.5 -0.0238221
 606 -0.0262637
 606.5 -0.0285436
 607 -0.0305913
 607.5 -0.032333
 608 -0.0336934
 608.5 -0.0345972
 609 -0.0349705
 609.5 -0.034743
 610 -0.0338497
 610.5 -0.0322324
 611 -0.0298422
 611.5 -0.0266405
 612 -0.0226011
 612.5 -0.0177113
 613 -0.0119732
 613.5 -0.00540465
 614 0.0019604
 614.5 0.0100713
 615 0.0188609
 615.5 0.028246
 616 0.0381279
 616.5 0.0483936
 617 0.0589175
 617.5 0.0695626
 618 0.0801827
 618.5 0.090625
 619 0.100732
 619.5 0.110344
 620 0.119303
 620.5 0.127454
 621 0.134647
 621.5 0.140742
 622 0.145611
 622.5 0.149137
 623 0.151222
 623.5 0.151783
 624 0.150756
 624.5 0.1481
 625 0.143794
 625.5 0.137838
 626 0.130255
 626.5 0.12109
 627 0.110411
 627.5 0.0983047
 628 0.0848791
 628.5 0.07026
 629 0.0545902
 629.5 0.0380273
 630 0.0207414
 630.5 0.00291347
 631 -0.0152676
 631.5 -0.0336072
 632 -0.0519079
 632.5 -0.0699716
 633 -0.0876024
 633.5 -0.104609
 634 -0.120807
 634.5 -0.136023
 635 -0.150092
 635.5 -0.162866
 636 -0.174211
 636.5 -0.18401
 637 -0.192166
 637.5 -0.198601
 638 -0.203258
 638.5 -0.206101
 639 -0.207116
 639.5 -0.206312
 640 -0.203716
 640.5 -0.199382
 641 -0.193378
 641.5 -0.185796
 642 -0.176743
 642.5 -0.166343
 643 -0.154736
 643.5 -0.142072
 644 -0.128513
 644.5 -0.114228
 645 -0.0993908
 645.5 -0.0841797
 646 -0.0687725
 646.5 -0.0533447
 647 -0.0380676
 647.5 -0.0231053
 648 -0.00861255
 648.5 0.00526682
 649 0.0184023
 649.5 0.0306779
 650 0.0419937
 650.5 0.0522668
 651 0.061432
 651.5 0.0694421
 652 0.0762682
 652.5 0.0818993
 653 0.0863417
 653.5 0.0896182
 654 0.0917673
 654.5 0.0928413
 655 0.0929051
 655.5 0.0920347
 656 0.0903149
 656.5 0.087838
 657 0.0847012
 657.5 0.0810054
 658 0.076853
 658.5 0.072346
 659 0.0675848
 659.5 0.0626664
 660 0.0576833
 660.5 0.0527223
 661 0.0478638
 661.5 0.0431808
 662 0.0387392
 662.5 0.0345966
 663 0.0308032
 663.5 0.0274013
 664 0.024426
 664.5 0.0219054
 665 0.0198611
 665.5 0.0183092
 666 0.0172605
 666.5 0.0167211
 667 0.0166933
 667.5 0.017176
 668 0.0181652
 668.5 0.019654
 669 0.0216336
 669.5 0.0240927
 670 0.0270179
 670.5 0.0303937
 671 0.0342019
 671.5 0.0384216
 672 0.0430288
 672.5 0.0479958
 673 0.0532911
 673.5 0.0588783
 674 0.0647165
 674.5 0.0707592
 675 0.0769543
 675.5 0.0832439
 676 0.0895645
 676.5 0.0958463
 677 0.102015
 677.5 0.107989
 678 0.113685
 678.5 0.119014
 679 0.123884
 679.5 0.128204
 680 0.131878
 680.5 0.134816
 681 0.136926
 681.5 0.138122
 682 0.138324
 682.5 0.137455
 683 0.135452
 683.5 0.132257
 684 0.127826
 684.5 0.122126
 685 0.115138
 685.5 0.106856
 686 0.0972913
 686.5 0.0864678
 687 0.0744263
 687.5 0.0612228
 688 0.0469287
 688.5 0.0316297
 689 0.0154257
 689.5 -0.00157051
 690 -0.0192342
 690.5 -0.03743
 691 -0.0560137
 691.5 -0.0748333
 692 -0.0937314
 692.5 -0.112546
 693 -0.131114
 693.5 -0.149272
 694 -0.166856
 694.5 -0.183708
 695 -0.199674
 695.5 -0.214608
 696 -0.228372
 696.5 -0.240837
 697 -0.251888
 697.5 -0.26142
 698 -0.269345
 698.5 -0.275588
 699 -0.280089
 699.5 -0.282808
 700 -0.283716
 700.5 -0.282808
 701 -0.280089
 701.5 -0.275588
 702 -0.269345
 702.5 -0.26142
 703 -0.251887
 703.5 -0.240837
 704 -0.228372
 704.5 -0.214608
 705 -0.199674
 705.5 -0.183708
 706 -0.166856
 706.5 -0.149271
 707 -0.131114
 707.5 -0.112545
 708 -0.0937297
 708.5 -0.0748309
 709 -0.0560103
 709.5 -0.0374256
 710 -0.0192285
 710.5 -0.00156348
 711 0.0154342
 711.5 0.0316396
 712 0.0469399
 712.5 0.0612352
 713 0.0744394
 713.5 0.0864812
 714 0.0973044
 714.5 0.106868
 715 0.115148
 715.5 0.122134
 716 0.12783
 716.5 0.132258
 717 0.135448
 717.5 0.137448
 718 0.138313
 718.5 0.13811
 719 0.136914
 719.5 0.134809
 720 0.131881
 720.5 0.128223
 721 0.123928
 721.5 0.119092
 722 0.113809
 722.5 0.108172
 723 0.102269
 723.5 0.0961869
 724 0.0900048
 724.5 0.0837967
 725 0.07763
 725.5 0.0715648
 726 0.0656539
 726.5 0.0599427
 727 0.0544688
 727.5 0.0492628
 728 0.0443478
 728.5 0.0397404
 729 0.035451
 729.5 0.0314843
 730 0.0278396
 730.5 0.0245121
 731 0.021493
 731.5 0.0187702
 732 0.0163292
 732.5 0.0141535
 733 0.0122252
 733.5 0.0105256
 734 0.00903544
 734.5 0.00773565
 735 0.00660743
 735.5 0.00563266
 736 0.00479411
 736.5 0.00407559
 737 0.00346211
 737.5 0.00293994
 738 0.00249663
 738.5 0.00212103
 739 0.00180325
 739.5 0.0015346
 740 0.00130751
 740.5 0.00111545
 741 0.000952846
 741.5 0.000814962
 742 0.000697806
 742.5 0.000598038
 743 0.000512878
 743.5 0.000440017
 744 0.000377547
 744.5 0.000323889
 745 0.000277737
 745.5 0.000238006
 746 0.000203788
 746.5 0.000174322
 747 0.000148963
 747.5 0.000127159
 748 0.000108435
 748.5 9.23779e-05
 749 7.86283e-05
 749.5 6.68712e-05
 750 5.68304e-05
 750.5 4.82638e-05
 751 4.09599e-05
 751.5 3.47346e-05
 752 2.94285e-05
 752.5 2.49046e-05
 753 2.10456e-05
 753.5 1.77521e-05
 754 1.49398e-05
 754.5 1.25381e-05
 755 1.04878e-05
 755.5 8.73923e-06
 756 7.25066e-06
 756.5 5.9869e-06
 757 4.91799e-06
 757.5 4.01818e-06
 758 3.26506e-06
 758.5 2.63896e-06
 759 2.12239e-06
 759.5 1.69971e-06
 760 1.35692e-06
 760.5 1.08143e-06
 761 8.62028e-07
 761.5 6.88756e-07
 762 5.52898e-07
 762.5 4.46918e-07
 763 3.6441e-07
 763.5 3.0003e-07
 764 2.49417e-07
 764.5 2.09101e-07
 765 1.76394e-07
 765.5 1.49281e-07
 766 1.26305e-07
 766.5 1.06458e-07
 767 8.90752e-08
 767.5 7.3742e-08
 768 6.02162e-08
 768.5 4.83604e-08
 769 3.80921e-08
 769.5 2.93465e-08
 770 2.20528e-08
 770.5 1.61206e-08
 771 1.14354e-08
 771.5 7.86033e-09
 772 5.242e-09
 772.5 3.41862e-09
 773 2.2287e-09
 773.5 1.51921e-09
 774 1.15222e-09
 774.5 1.00953e-09
 775 9.9537e-10
 775.5 1.03694e-09
 776 1.08332e-09
 776.5 1.10304e-09
 777 1.08075e-09
 777.5 1.01356e-09
 778 9.07215e-10
 778.5 7.72606e-10
 779 6.22903e-10
 779.5 4.7108e-10
 780 3.28391e-10
 780.5 2.03299e-10
 781 1.01154e-10
 781.5 2.41937e-11
 782 -2.80102e-11
 782.5 -5.79392e-11
 783 -6.94897e-11
 783.5 -6.71978e-11
 784 -5.57276e-11
 784.5 -3.93384e-11
 785 -2.15962e-11
 785.5 -5.17138e-12
 786 8.21254e-12
 786.5 1.76388e-11
 787 2.29452e-11
 787.5 2.4531e-11
 788 2.31084e-11
 788.5 1.96006e-11
 789 1.49114e-11
 789.5 9.87541e-12
 790 5.14671e-12
 790.5 1.18606e-12
 791 -1.76984e-12
 791.5 -3.64284e-12
 792 -4.50345e-12
 792.5 -4.53962e-12
 793 -3.97207e-12
 793.5 -3.04198e-12
 794 -1.95809e-12
 794.5 -8.99158e-13
 795 3.19266e-15
 795.5 6.73767e-13
 796 1.08746e-12
 796.5 1.27114e-12
 797 1.25068e-12
 797.5 1.09282e-12
 798 8.58517e-13
 798.5 5.91438e-13
 799 3.30657e-13
 799.5 1.15432e-13
 800 -4.33185e-14
 800.5 -1.17245e-13
 801 -1.57562e-13
 801.5 -1.37971e-13
 802 -9.26228e-14
 802.5 -3.93292e-14
 803 2.2992e-14
 803.5 9.52668e-14
 804 1.5056e-13
 804.5 1.83679e-13
 805 1.91739e-13
 805.5 1.9336e-13
 806 1.72935e-13
 806.5 1.62666e-13
 807 1.37263e-13
 807.5 1.1467e-13
 808 1.02238e-13
 808.5 1.00579e-13
 809 9.47834e-14
 809.5 9.79041e-14
 810 9.49926e-14
 810.5 9.79061e-14
 811 9.2177e-14
 811.5 9.97785e-14
 812 1.01965e-13
 812.5 1.08276e-13
 813 1.10268e-13
 813.5 1.13164e-13
 814 1.14207e-13
 814.5 1.2918e-13
 815 1.25442e-13
 815.5 1.15978e-13
 816 1.15675e-13
 816.5 1.08648e-13
 817 1.03323e-13
 817.5 9.89968e-14
 818 8.9114e-14
 818.5 8.89908e-14
 819 9.13852e-14
 819.5 1.07345e-13
 820 1.13271e-13
 820.5 1.15397e-13
 821 1.22496e-13
 821.5 1.24501e-13
 822 1.12343e-13
 822.5 1.09543e-13
 823 1.17246e-13
 823.5 1.20234e-13
 824 1.1299e-13
 824.5 1.30243e-13
 825 1.23657e-13
 825.5 1.33235e-13
 826 1.10598e-13
 826.5 1.00783e-13
 827 1.06067e-13
 827.5 1.1837e-13
 828 1.23024e-13
 828.5 1.3902e-13
 829 1.37674e-13
 829.5 1.42249e-13
 830 1.45952e-13
 830.5 1.56195e-13
 831 1.58461e-13
 831.5 1.75522e-13
 832 1.61469e-13
 832.5 1.66128e-13
 833 1.76941e-13
 833.5 1.72108e-13
 834 1.81357e-13
 834.5 1.70923e-13
 835 1.85882e-13
 835.5 1.77159e-13
 836 1.71034e-13
 836.5 1.63656e-13
 837 1.68948e-13
 837.5 1.64872e-13
 838 1.52579e-13
 838.5 1.54061e-13
 839 1.61419e-13
 839.5 1.60958e-13
 840 1.6887e-13
 840.5 1.75427e-13
 841 1.86607e-13
 841.5 1.8432e-13
 842 1.78055e-13
 842.5 1.92449e-13
 843 1.82964e-13
 843.5 1.93262e-13
 844 1.98153e-13
 844.5 2.11568e-13
 845 2.09732e-13
 845.5 2.16471e-13
 846 2.12687e-13
 846.5 2.17271e-13
 847 2.15398e-13
 847.5 2.18264e-13
 848 2.0131e-13
 848.5 2.12061e-13
 849 2.0256e-13
 849.5 2.01817e-13
 850 2.08774e-13
 850.5 1.87072e-13
 851 1.88189e-13
 851.5 1.9689e-13
 852 1.91879e-13
 852.5 1.85974e-13
 853 1.81335e-13
 853.5 1.89654e-13
 854 1.97865e-13
 854.5 2.03157e-13
 855 2.02912e-13
 855.5 2.21163e-13
 856 2.15045e-13
 856.5 2.24117e-13
 857 2.31098e-13
 857.5 2.39387e-13
 858 2.40012e-13
 858.5 2.48792e-13
 859 2.50576e-13
 859.5 2.19622e-13
 860 1.89495e-13
 860.5 1.68377e-13
 861 1.29849e-13
 861.5 1.02322e-13
 862 7.51949e-14
 862.5 7.52888e-14
 863 9.74627e-14
 863.5 1.45508e-13
 864 2.40616e-13
 864.5 3.55916e-13
 865 4.84335e-13
 865.5 5.96679e-13
 866 6.83855e-13
 866.5 7.08915e-13
 867 6.49155e-13
 867.5 4.71852e-13
 868 1.45483e-13
 868.5 -3.08232e-13
 869 -8.44219e-13
 869.5 -1.41653e-12
 870 -1.93557e-12
 870.5 -2.2682e-12
 871 -2.28735e-12
 871.5 -1.86573e-12
 872 -9.26216e-13
 872.5 5.76304e-13
 873 2.55536e-12
 873.5 4.81975e-12
 874 7.06981e-12
 874.5 8.82817e-12
 875 9.56273e-12
 875.5 8.64911e-12
 876 5.53051e-12
 876.5 -2.25862e-13
 877 -8.75279e-12
 877.5 -1.98348e-11
 878 -3.27242e-11
 878.5 -4.61693e-11
 879 -5.83423e-11
 879.5 -6.70342e-11
 880 -6.98145e-11
 880.5 -6.4463e-11
 881 -4.93723e-11
 881.5 -2.41208e-11
 882 9.95771e-12
 882.5 4.9209e-11
 883 8.73361e-11
 883.5 1.15165e-10
 884 1.2092e-10
 884.5 9.08409e-11
 885 1.03918e-11
 885.5 -1.34139e-10
 886 -3.53544e-10
 886.5 -6.53326e-10
 887 -1.03143e-09
 887.5 -1.4762e-09
 888 -1.96529e-09
 888.5 -2.46583e-09
 889 -2.93633e-09
 889.5 -3.33092e-09
 890 -3.60598e-09
 890.5 -3.72953e-09
 891 -3.69272e-09
 891.5 -3.52331e-09
 892 -3.29971e-09
 892.5 -3.16425e-09
 893 -3.33409e-09
 893.5 -4.10736e-09
 894 -5.86256e-09
 894.5 -9.04934e-09
 895 -1.41687e-08
 895.5 -2.17427e-08
 896 -3.22732e-08
 896.5 -4.61925e-08
 897 -6.38094e-08
 897.5 -8.52567e-08
 898 -1.10448e-07
 898.5 -1.39055e-07
 899 -1.70511e-07
 899.5 -2.04063e-07
 900 -2.38876e-07
 900.5 -2.74195e-07
 901 -3.09588e-07
 901.5 -3.45251e-07
 902 -3.82393e-07
 902.5 -4.23662e-07
 903 -4.73618e-07
 903.5 -5.39196e-07
 904 -6.30143e-07
 904.5 -7.59349e-07
 905 -9.4305e-07
 905.5 -1.20082e-06
 906 -1.5553e-06
 906.5 -2.03162e-06
 907 -2.65652e-06
 907.5 -3.45707e-06
 908 -4.45911e-06
 908.5 -5.68546e-06
 909 -7.15395e-06
 909.5 -8.87553e-06
 910 -1.08526e-05
 910.5 -1.30782e-05
 911 -1.55352e-05
 911.5 -1.81982e-05
 912 -2.10356e-05
 912.5 -2.40148e-05
 913 -2.71095e-05
 913.5 -3.03092e-05
 914 -3.36329e-05
 914.5 -3.71442e-05
 915 -4.09709e-05
 915.5 -4.53253e-05
 916 -5.05281e-05
 916.5 -5.7031e-05
 917 -6.54409e-05
 917.5 -7.65396e-05
 918 -9.13008e-05
 918.5 -0.000110899
 919 -0.000136709
 919.5 -0.000170295
 920 -0.000213378
 920.5 -0.000267794
 921 -0.00033542
 921.5 -0.000418083
 922 -0.00051744
 922.5 -0.000634833
 923 -0.000771105
 923.5 -0.000926403
 924 -0.00109995
 924.5 -0.00128977
 925 -0.00149245
 925.5 -0.00170283
 926 -0.00191372
 926.5 -0.00211565
 927 -0.00229654
 927.5 -0.00244152
 928 -0.00253274
 928.5 -0.00254919
 929 -0.00246669
 929.5 -0.00225787
 930 -0.00189235
 930.5 -0.00133691
 931 -0.000555898
 931.5 0.000488292
 932 0.0018346
 932.5 0.00352253
 933 0.00559127
 933.5 0.00807864
 934 0.01102
 934.5 0.0144469
 935 0.0183861
 935.5 0.0228577
 936 0.0278742
 936.5 0.033439
 937 0.0395451
 937.5 0.046174
 938 0.0532943
 938.5 0.0608614
 939 0.0688162
 939.5 0.0770854
 940 0.0855806
 940.5 0.0941993
 941 0.102825
 941.5 0.111328
 942 0.119567
 942.5 0.127391
 943 0.134641
 943.5 0.141152
 944 0.146756
 944.5 0.151286
 945 0.154576
 945.5 0.156469
 946 0.156816
 946.5 0.155482
 947 0.152348
 947.5 0.147317
 948 0.140311
 948.5 0.131281
 949 0.120205
 949.5 0.107091
 950 0.0919786
 950.5 0.07494
 951 0.0560801
 951.5 0.0355364
 952 0.0134784
 952.5 -0.00989434
 953 -0.034354
 953.5 -0.0596473
 954 -0.0854988
 954.5 -0.111615
 955 -0.137686
 955.5 -0.163397
 956 -0.188423
 956.5 -0.212443
 957 -0.23514
 957.5 -0.256208
 958 -0.275358
 958.5 -0.292319
 959 -0.306847
 959.5 -0.318729
 960 -0.327782
 960.5 -0.333863
 961 -0.336865
 961.5 -0.336725
 962 -0.333421
 962.5 -0.326974
 963 -0.317449
 963.5 -0.304953
 964 -0.289632
 964.5 -0.271672
 965 -0.251294
 965.5 -0.228751
 966 -0.204323
 966.5 -0.178314
 967 -0.151048
 967.5 -0.12286
 968 -0.094097
 968.5 -0.0651058
 969 -0.0362325
 969.5 -0.00781545
 970 0.0198196
 970.5 0.0463642
 971 0.0715315
 971.5 0.0950604
 972 0.116719
 972.5 0.136307
 973 0.153659
 973.5 0.168647
 974 0.181177
 974.5 0.191196
 975 0.198685
 975.5 0.203666
 976 0.206192
 976.5 0.206351
 977 0.204261
 977.5 0.200069
 978 0.193945
 978.5 0.186078
 979 0.176677
 979.5 0.165961
 980 0.154159
 980.5 0.141503
 981 0.128226
 981.5 0.114557
 982 0.100717
 982.5 0.0869174
 983 0.0733547
 983.5 0.0602096
 984 0.0476441
 984.5 0.0357998
 985 0.0247967
 985.5 0.0147322
 986 0.00568157
 986.5 -0.00230292
 987 -0.00919065
 987.5 -0.014972
 988 -0.019657
 988.5 -0.0232735
 989 -0.0258657
 989.5 -0.0274918
 990 -0.028222
 990.5 -0.0281361
 991 -0.0273216
 991.5 -0.0258711
 992 -0.0238806
 992.5 -0.0214473
 993 -0.0186681
 993.5 -0.0156377
 994 -0.0124475
 994.5 -0.00918422
 995 -0.00592911
 995.5 -0.00275725
 996 0.000263063
 996.5 0.00307062
 997 0.00561152
 997.5 0.00783927
 998 0.00971473
 998.5 0.0112061
 999 0.0122888
 999.5 0.0129454
 1000 0.0131654

