# ICODE=211, JCODE=-211
# Normalized GAUSSIAN BF, SIGMA_GAUSS=0.3
# NSAMPLE=100000, Tblast=100, UPERPblast(x,y)=(0.75,0.75)
# BARYON_FUDGE=0.75
# ------- normalization=0.371157 -----------------
#dely    BF
0.050  0.5169  0.0050
0.150  0.4963  0.0050
0.250  0.4511  0.0048
0.350  0.4121  0.0046
0.450  0.3813  0.0044
0.550  0.2894  0.0035
0.650  0.2728  0.0035
0.750  0.2292  0.0032
0.850  0.1937  0.0029
0.950  0.1497  0.0024
1.050  0.1177  0.0021
1.150  0.0761  0.0015
1.250  0.0609  0.0014
1.350  0.0306  0.0008
1.450  0.0207  0.0007
1.550  0.0107  0.0004
1.650  0.0025  0.0002
1.750 -0.0001 -0.0000
