# ICODE=1735356928, JCODE=0
# Normalized GAUSSIAN BF, SIGMA_GAUSS=0.3
# NSAMPLE=100000, Tblast=100, UPERPblast(x,y)=(0.75,0.75)
# BARYON_FUDGE=0.75
# ------- normalization=0.285223 -----------------
#dely    BF
0.050  0.3645  0.0027
0.150  0.3498  0.0027
0.250  0.3121  0.0025
0.350  0.2811  0.0024
0.450  0.2455  0.0022
0.550  0.2263  0.0021
0.650  0.2017  0.0021
0.750  0.1734  0.0019
0.850  0.1659  0.0019
0.950  0.1336  0.0017
1.050  0.1104  0.0015
1.150  0.0886  0.0014
1.250  0.0605  0.0010
1.350  0.0631  0.0013
1.450  0.0304  0.0007
1.550  0.0240  0.0007
1.650  0.0161  0.0006
1.750  0.0052  0.0003
