# ICODE=321, JCODE=-321
# Normalized GAUSSIAN BF, SIGMA_GAUSS=0.3
# NSAMPLE=100000, Tblast=100, UPERPblast(x,y)=(0.75,0.75)
# BARYON_FUDGE=0.75
# ------- normalization=0.0996829 -----------------
#dely    BF
0.050  0.1510  0.0082
0.150  0.1376  0.0079
0.250  0.1309  0.0074
0.350  0.1143  0.0070
0.450  0.1058  0.0069
0.550  0.0985  0.0066
0.650  0.0651  0.0050
0.750  0.0768  0.0063
0.850  0.0391  0.0036
0.950  0.0429  0.0041
1.050  0.0170  0.0019
1.150  0.0098  0.0015
1.250  0.0060  0.0012
1.350  0.0012  0.0003
1.450  0.0008  0.0003
1.550  0.0000  0.0000
1.650  0.0000  0.0000
1.750  0.0000  0.0000
