# ICODE=0, JCODE=0
# Normalized GAUSSIAN BF, SIGMA_GAUSS=0.3
# NSAMPLE=100000, Tblast=100, UPERPblast(x,y)=(0.75,0.75)
# BARYON_FUDGE=0.75
# ------- normalization=0.370338 -----------------
#dely    BF
0.050  0.5390  0.0041
0.150  0.4844  0.0038
0.250  0.4488  0.0037
0.350  0.4095  0.0035
0.450  0.3653  0.0033
0.550  0.3160  0.0030
0.650  0.2539  0.0026
0.750  0.2176  0.0023
0.850  0.1711  0.0020
0.950  0.1400  0.0018
1.050  0.1145  0.0016
1.150  0.0860  0.0013
1.250  0.0663  0.0011
1.350  0.0404  0.0008
1.450  0.0251  0.0006
1.550  0.0134  0.0004
1.650  0.0086  0.0003
1.750  0.0036  0.0002
