# ICODE=1701080941, JCODE=0
# Normalized GAUSSIAN BF, SIGMA_GAUSS=0.3
# NSAMPLE=100000, Tblast=100, UPERPblast(x,y)=(0.75,0.75)
# BARYON_FUDGE=0.75
# ------- normalization=0.23865 -----------------
#dely    BF
0.050  0.3832  0.0025
0.150  0.3814  0.0026
0.250  0.3260  0.0023
0.350  0.2918  0.0022
0.450  0.2669  0.0021
0.550  0.1791  0.0015
0.650  0.1671  0.0015
0.750  0.1294  0.0013
0.850  0.1066  0.0011
0.950  0.0655  0.0008
1.050  0.0302  0.0004
1.150  0.0297  0.0004
1.250  0.0183  0.0003
1.350  0.0070  0.0001
1.450  0.0004  0.0000
1.550  0.0023  0.0001
1.650  0.0013  0.0000
1.750  0.0003  0.0000
