# ICODE=2212, JCODE=-2212
# Normalized GAUSSIAN BF, SIGMA_GAUSS=0.3
# NSAMPLE=100000, Tblast=100, UPERPblast(x,y)=(0.75,0.75)
# BARYON_FUDGE=0.75
# ------- normalization=0.0255322 -----------------
#dely    BF
0.050  0.0131  0.0022
0.150  0.0520  0.0106
0.250  0.0293  0.0055
0.350  0.0292  0.0053
0.450  0.0322  0.0072
0.550  0.0316  0.0063
0.650  0.0039  0.0010
0.750  0.0246  0.0066
0.850  0.0091  0.0032
0.950  0.0080  0.0028
1.050  0.0047  0.0027
1.150  0.0178  0.0067
1.250 -0.0002 -0.0002
1.350  0.0000  0.0000
1.450  0.0000  0.0000
1.550  0.0000  0.0000
1.650  0.0000  0.0000
1.750  0.0000  0.0000
