# ICODE=0, JCODE=0
# Normalized GAUSSIAN BF, SIGMA_GAUSS=0.3
# NSAMPLE=100000, Tblast=100, UPERPblast(x,y)=(0.75,0.75)
# BARYON_FUDGE=0.75
# ------- normalization=0.329908 -----------------
#dely    BF
0.050  0.4342  0.0034
0.150  0.3814  0.0031
0.250  0.3480  0.0029
0.350  0.3285  0.0029
0.450  0.2858  0.0027
0.550  0.2896  0.0028
0.650  0.2583  0.0027
0.750  0.2051  0.0023
0.850  0.1706  0.0021
0.950  0.1406  0.0019
1.050  0.1164  0.0017
1.150  0.1028  0.0016
1.250  0.0829  0.0015
1.350  0.0600  0.0012
1.450  0.0387  0.0009
1.550  0.0280  0.0008
1.650  0.0247  0.0009
1.750  0.0032  0.0002
