# ICODE=1701080941, JCODE=0
# Normalized GAUSSIAN BF, SIGMA_GAUSS=0.3
# NSAMPLE=100000, Tblast=100, UPERPblast(x,y)=(0.75,0.75)
# BARYON_FUDGE=0.75
# ------- normalization=0.229318 -----------------
#dely    BF
0.050  0.2655  0.0021
0.150  0.2667  0.0022
0.250  0.2472  0.0021
0.350  0.2397  0.0021
0.450  0.2214  0.0021
0.550  0.1647  0.0016
0.650  0.1860  0.0019
0.750  0.1251  0.0014
0.850  0.1398  0.0017
0.950  0.1059  0.0014
1.050  0.0793  0.0012
1.150  0.0655  0.0011
1.250  0.0611  0.0011
1.350  0.0463  0.0010
1.450  0.0343  0.0008
1.550  0.0289  0.0009
1.650  0.0138  0.0005
1.750  0.0020  0.0001
