# ICODE=321, JCODE=-321
# Normalized GAUSSIAN BF, SIGMA_GAUSS=0.3
# NSAMPLE=100000, Tblast=100, UPERPblast(x,y)=(0.75,0.75)
# BARYON_FUDGE=0.75
# ------- normalization=0.0170182 -----------------
#dely    BF
0.050 -0.0143 -0.0007
0.150 -0.0293 -0.0014
0.250 -0.0324 -0.0018
0.350  0.0202  0.0011
0.450  0.0081  0.0005
0.550  0.0239  0.0015
0.650  0.0217  0.0016
0.750  0.0465  0.0036
0.850  0.0440  0.0037
0.950  0.0173  0.0020
1.050  0.0337  0.0037
1.150  0.0072  0.0010
1.250  0.0130  0.0020
1.350  0.0109  0.0024
1.450 -0.0003 -0.0001
1.550  0.0000  0.0000
1.650  0.0000  0.0000
1.750  0.0000  0.0000
