# ICODE=1701080941, JCODE=0
# Normalized GAUSSIAN BF, SIGMA_GAUSS=0.3
# NSAMPLE=100000, Tblast=100, UPERPblast(x,y)=(0.75,0.75)
# BARYON_FUDGE=0.75
# ------- normalization=0.119481 -----------------
#dely    BF
0.050  0.1481  0.0011
0.150  0.1598  0.0013
0.250  0.1280  0.0011
0.350  0.1379  0.0012
0.450  0.1019  0.0009
0.550  0.0964  0.0009
0.650  0.0833  0.0008
0.750  0.0769  0.0008
0.850  0.0607  0.0007
0.950  0.0583  0.0007
1.050  0.0359  0.0005
1.150  0.0304  0.0005
1.250  0.0223  0.0004
1.350  0.0202  0.0004
1.450  0.0167  0.0004
1.550  0.0116  0.0003
1.650  0.0054  0.0002
1.750  0.0010  0.0001
