# ICODE=2212, JCODE=-2212
# Normalized GAUSSIAN BF, SIGMA_GAUSS=0.3
# NSAMPLE=100000, Tblast=100, UPERPblast(x,y)=(0.75,0.75)
# BARYON_FUDGE=0.75
# ------- normalization=0.102759 -----------------
#dely    BF
0.050  0.1793  0.0262
0.150  0.2123  0.0306
0.250  0.1280  0.0216
0.350  0.1295  0.0213
0.450  0.1113  0.0185
0.550  0.0719  0.0157
0.650  0.0423  0.0109
0.750  0.0567  0.0134
0.850  0.0484  0.0134
0.950  0.0431  0.0193
1.050  0.0030  0.0017
1.150  0.0000  0.0000
1.250 -0.0005 -0.0005
1.350  0.0000  0.0000
1.450  0.0021  0.0021
1.550  0.0000  0.0000
1.650  0.0000  0.0000
1.750  0.0000  0.0000
