# ICODE=211, JCODE=-211
# Normalized GAUSSIAN BF, SIGMA_GAUSS=0.3
# NSAMPLE=100000, Tblast=100, UPERPblast(x,y)=(0.75,0.75)
# BARYON_FUDGE=0.75
# ------- normalization=0.00975645 -----------------
#dely    BF
0.050 -0.0166 -0.0002
0.150 -0.0225 -0.0002
0.250  0.0097  0.0001
0.350 -0.0017 -0.0000
0.450  0.0096  0.0001
0.550  0.0080  0.0001
0.650  0.0090  0.0001
0.750  0.0124  0.0002
0.850  0.0085  0.0001
0.950  0.0154  0.0003
1.050  0.0068  0.0001
1.150  0.0165  0.0003
1.250  0.0159  0.0004
1.350  0.0093  0.0002
1.450  0.0064  0.0002
1.550  0.0087  0.0004
1.650  0.0019  0.0001
1.750  0.0002  0.0000
