# ICODE=2212, JCODE=-2212
# Normalized GAUSSIAN BF, SIGMA_GAUSS=0.3
# NSAMPLE=100000, Tblast=100, UPERPblast(x,y)=(0.75,0.75)
# BARYON_FUDGE=0.75
# ------- normalization=0.0983666 -----------------
#dely    BF
0.050  0.3644  0.0616
0.150  0.1779  0.0259
0.250  0.1388  0.0262
0.350  0.0895  0.0187
0.450  0.0926  0.0185
0.550  0.0818  0.0170
0.650  0.0577  0.0140
0.750  0.0015  0.0004
0.850 -0.0041 -0.0013
0.950  0.0005  0.0005
1.050  0.0033  0.0015
1.150  0.0000  0.0000
1.250 -0.0202 -0.0117
1.350  0.0000  0.0000
1.450  0.0000  0.0000
1.550  0.0000  0.0000
1.650  0.0000  0.0000
1.750  0.0000  0.0000
