# ICODE=321, JCODE=-321
# Normalized GAUSSIAN BF, SIGMA_GAUSS=0.3
# NSAMPLE=100000, Tblast=100, UPERPblast(x,y)=(0.75,0.75)
# BARYON_FUDGE=0.75
# ------- normalization=0.054441 -----------------
#dely    BF
0.050  0.0673  0.0037
0.150  0.0658  0.0037
0.250  0.0608  0.0035
0.350  0.0532  0.0031
0.450  0.0500  0.0032
0.550  0.0413  0.0030
0.650  0.0556  0.0041
0.750  0.0397  0.0032
0.850  0.0335  0.0031
0.950  0.0255  0.0027
1.050  0.0215  0.0025
1.150  0.0125  0.0019
1.250  0.0114  0.0018
1.350  0.0051  0.0014
1.450  0.0006  0.0004
1.550  0.0008  0.0003
1.650  0.0000  0.0000
1.750  0.0000  0.0000
