# ICODE=2212, JCODE=-2212
# Normalized GAUSSIAN BF, SIGMA_GAUSS=0.3
# NSAMPLE=100000, Tblast=100, UPERPblast(x,y)=(0.75,0.75)
# BARYON_FUDGE=0.75
# ------- normalization=0.151879 -----------------
#dely    BF
0.050  0.1595  0.0270
0.150  0.0881  0.0161
0.250  0.2097  0.0411
0.350  0.2394  0.0430
0.450  0.2942  0.0512
0.550  0.1959  0.0449
0.650  0.1055  0.0242
0.750  0.1065  0.0222
0.850  0.0596  0.0172
0.950  0.0492  0.0148
1.050  0.0066  0.0027
1.150  0.0000  0.0000
1.250  0.0044  0.0031
1.350  0.0000  0.0000
1.450  0.0000  0.0000
1.550  0.0000  0.0000
1.650  0.0000  0.0000
1.750  0.0000  0.0000
