# ICODE=2212, JCODE=-2212
# Normalized GAUSSIAN BF, SIGMA_GAUSS=0.3
# NSAMPLE=100000, Tblast=100, UPERPblast(x,y)=(0.75,0.75)
# BARYON_FUDGE=0.75
# ------- normalization=0.0584149 -----------------
#dely    BF
0.050  0.0827  0.0156
0.150  0.1238  0.0230
0.250  0.1203  0.0195
0.350  0.0760  0.0155
0.450  0.0576  0.0136
0.550  0.0439  0.0101
0.650  0.0174  0.0050
0.750  0.0212  0.0064
0.850  0.0221  0.0070
0.950  0.0048  0.0034
1.050  0.0050  0.0036
1.150  0.0033  0.0023
1.250  0.0027  0.0027
1.350  0.0033  0.0033
1.450  0.0000  0.0000
1.550  0.0000  0.0000
1.650  0.0000  0.0000
1.750  0.0000  0.0000
