# ICODE=211, JCODE=-211
# Normalized GAUSSIAN BF, SIGMA_GAUSS=0.3
# NSAMPLE=100000, Tblast=100, UPERPblast(x,y)=(0.75,0.75)
# BARYON_FUDGE=0.75
# ------- normalization=0.144951 -----------------
#dely    BF
0.050  0.1547  0.0013
0.150  0.1590  0.0014
0.250  0.1344  0.0013
0.350  0.1280  0.0012
0.450  0.1191  0.0012
0.550  0.1360  0.0015
0.650  0.1279  0.0015
0.750  0.0983  0.0013
0.850  0.0919  0.0013
0.950  0.0654  0.0010
1.050  0.0698  0.0012
1.150  0.0497  0.0009
1.250  0.0518  0.0012
1.350  0.0261  0.0007
1.450  0.0183  0.0006
1.550  0.0138  0.0006
1.650  0.0050  0.0003
1.750  0.0002  0.0000
