# ICODE=321, JCODE=-321
# Normalized GAUSSIAN BF, SIGMA_GAUSS=0.3
# NSAMPLE=100000, Tblast=100, UPERPblast(x,y)=(0.75,0.75)
# BARYON_FUDGE=0.75
# ------- normalization=0.104684 -----------------
#dely    BF
0.050  0.1360  0.0083
0.150  0.1271  0.0083
0.250  0.1610  0.0103
0.350  0.1403  0.0095
0.450  0.0890  0.0064
0.550  0.0856  0.0069
0.650  0.0806  0.0065
0.750  0.0510  0.0046
0.850  0.0516  0.0053
0.950  0.0356  0.0037
1.050  0.0443  0.0055
1.150  0.0120  0.0017
1.250  0.0210  0.0040
1.350  0.0069  0.0017
1.450  0.0016  0.0005
1.550  0.0033  0.0015
1.650  0.0000  0.0000
1.750  0.0000  0.0000
