# ICODE=2212, JCODE=-2212
# Normalized GAUSSIAN BF, SIGMA_GAUSS=0.3
# NSAMPLE=100000, Tblast=100, UPERPblast(x,y)=(0.75,0.75)
# BARYON_FUDGE=0.75
# ------- normalization=0.0948759 -----------------
#dely    BF
0.050  0.1244  0.0249
0.150  0.1092  0.0210
0.250  0.1239  0.0238
0.350  0.1726  0.0345
0.450  0.1187  0.0280
0.550  0.0855  0.0182
0.650  0.0616  0.0138
0.750  0.0270  0.0081
0.850  0.0452  0.0171
0.950  0.0575  0.0235
1.050  0.0206  0.0103
1.150  0.0024  0.0012
1.250  0.0000  0.0000
1.350  0.0000  0.0000
1.450  0.0000  0.0000
1.550  0.0000  0.0000
1.650  0.0000  0.0000
1.750  0.0000  0.0000
