# ICODE=2212, JCODE=-2212
# Normalized GAUSSIAN BF, SIGMA_GAUSS=0.3
# NSAMPLE=100000, Tblast=100, UPERPblast(x,y)=(0.75,0.75)
# BARYON_FUDGE=0.75
# ------- normalization=0.0719693 -----------------
#dely    BF
0.050  0.0824  0.0126
0.150  0.0295  0.0051
0.250  0.1098  0.0204
0.350  0.0790  0.0149
0.450  0.0565  0.0118
0.550  0.1428  0.0270
0.650  0.0968  0.0228
0.750  0.0168  0.0056
0.850  0.0438  0.0139
0.950  0.0251  0.0103
1.050  0.0054  0.0027
1.150  0.0207  0.0092
1.250  0.0043  0.0043
1.350  0.0068  0.0048
1.450  0.0000  0.0000
1.550  0.0000  0.0000
1.650  0.0000  0.0000
1.750  0.0000  0.0000
