# ICODE=1735356928, JCODE=0
# Normalized GAUSSIAN BF, SIGMA_GAUSS=0.3
# NSAMPLE=100000, Tblast=100, UPERPblast(x,y)=(0.75,0.75)
# BARYON_FUDGE=0.75
# ------- normalization=0.112008 -----------------
#dely    BF
0.050  0.1558  0.0013
0.150  0.1391  0.0012
0.250  0.1299  0.0012
0.350  0.1108  0.0010
0.450  0.1113  0.0011
0.550  0.0923  0.0009
0.650  0.0712  0.0008
0.750  0.0683  0.0008
0.850  0.0602  0.0008
0.950  0.0423  0.0006
1.050  0.0425  0.0006
1.150  0.0285  0.0005
1.250  0.0221  0.0004
1.350  0.0155  0.0003
1.450  0.0139  0.0003
1.550  0.0114  0.0003
1.650  0.0047  0.0002
1.750  0.0002  0.0000
