# ICODE=211, JCODE=-211
# Normalized GAUSSIAN BF, SIGMA_GAUSS=0.3
# NSAMPLE=100000, Tblast=100, UPERPblast(x,y)=(0.75,0.75)
# BARYON_FUDGE=0.75
# ------- normalization=0.358281 -----------------
#dely    BF
0.050  0.4650  0.0043
0.150  0.4253  0.0041
0.250  0.3562  0.0036
0.350  0.3481  0.0036
0.450  0.3223  0.0035
0.550  0.3157  0.0037
0.650  0.2636  0.0033
0.750  0.2350  0.0032
0.850  0.1848  0.0027
0.950  0.1612  0.0026
1.050  0.1562  0.0028
1.150  0.1185  0.0024
1.250  0.0933  0.0021
1.350  0.0683  0.0018
1.450  0.0426  0.0014
1.550  0.0220  0.0009
1.650  0.0052  0.0004
1.750 -0.0003 -0.0001
