# ICODE=211, JCODE=-211
# Normalized GAUSSIAN BF, SIGMA_GAUSS=0.3
# NSAMPLE=100000, Tblast=100, UPERPblast(x,y)=(0.75,0.75)
# BARYON_FUDGE=0.75
# ------- normalization=0.102588 -----------------
#dely    BF
0.050  0.0696  0.0006
0.150  0.0551  0.0005
0.250  0.0882  0.0008
0.350  0.0838  0.0008
0.450  0.0663  0.0007
0.550  0.0887  0.0010
0.650  0.1026  0.0012
0.750  0.0751  0.0010
0.850  0.0771  0.0011
0.950  0.0810  0.0012
1.050  0.0652  0.0011
1.150  0.0523  0.0010
1.250  0.0370  0.0008
1.350  0.0428  0.0011
1.450  0.0250  0.0008
1.550  0.0115  0.0005
1.650  0.0048  0.0003
1.750 -0.0001 -0.0000
