# ICODE=211, JCODE=-211
# Normalized GAUSSIAN BF, SIGMA_GAUSS=0.3
# NSAMPLE=100000, Tblast=100, UPERPblast(x,y)=(0.75,0.75)
# BARYON_FUDGE=0.75
# ------- normalization=0.325582 -----------------
#dely    BF
0.050  0.4374  0.0041
0.150  0.4105  0.0040
0.250  0.3750  0.0038
0.350  0.3645  0.0038
0.450  0.3207  0.0036
0.550  0.2745  0.0033
0.650  0.2518  0.0032
0.750  0.2049  0.0028
0.850  0.1706  0.0025
0.950  0.1314  0.0021
1.050  0.1099  0.0020
1.150  0.0779  0.0016
1.250  0.0518  0.0012
1.350  0.0359  0.0010
1.450  0.0222  0.0007
1.550  0.0109  0.0005
1.650  0.0058  0.0004
1.750  0.0001  0.0000
