# ICODE=2212, JCODE=-2212
# Normalized GAUSSIAN BF, SIGMA_GAUSS=0.3
# NSAMPLE=100000, Tblast=100, UPERPblast(x,y)=(0.75,0.75)
# BARYON_FUDGE=0.75
# ------- normalization=0.13604 -----------------
#dely    BF
0.050  0.3086  0.0507
0.150  0.2382  0.0377
0.250  0.1775  0.0300
0.350  0.1861  0.0306
0.450  0.0592  0.0124
0.550  0.0937  0.0221
0.650  0.1416  0.0295
0.750  0.0452  0.0151
0.850  0.0464  0.0155
0.950  0.0084  0.0038
1.050  0.0356  0.0145
1.150  0.0198  0.0088
1.250  0.0000  0.0000
1.350  0.0000  0.0000
1.450  0.0000  0.0000
1.550  0.0000  0.0000
1.650  0.0000  0.0000
1.750  0.0000  0.0000
