# ICODE=2212, JCODE=-2212
# Normalized GAUSSIAN BF, SIGMA_GAUSS=0.3
# NSAMPLE=100000, Tblast=100, UPERPblast(x,y)=(0.75,0.75)
# BARYON_FUDGE=0.75
# ------- normalization=0.0789991 -----------------
#dely    BF
0.050  0.1303  0.0209
0.150  0.0958  0.0164
0.250  0.0843  0.0133
0.350  0.1242  0.0244
0.450  0.0851  0.0174
0.550  0.0518  0.0104
0.650  0.0485  0.0118
0.750  0.0352  0.0085
0.850  0.0641  0.0171
0.950  0.0256  0.0074
1.050  0.0166  0.0083
1.150  0.0137  0.0068
1.250  0.0147  0.0085
1.350  0.0000  0.0000
1.450  0.0000  0.0000
1.550  0.0000  0.0000
1.650  0.0000  0.0000
1.750  0.0000  0.0000
