# ICODE=2212, JCODE=-2212
# Normalized GAUSSIAN BF, SIGMA_GAUSS=0.3
# NSAMPLE=100000, Tblast=100, UPERPblast(x,y)=(0.75,0.75)
# BARYON_FUDGE=0.75
# ------- normalization=0.0473059 -----------------
#dely    BF
0.050  0.0652  0.0139
0.150  0.0773  0.0155
0.250  0.0427  0.0098
0.350  0.0526  0.0118
0.450  0.1022  0.0241
0.550  0.0259  0.0078
0.650  0.0546  0.0158
0.750  0.0018  0.0006
0.850  0.0201  0.0082
0.950  0.0238  0.0090
1.050  0.0055  0.0039
1.150  0.0012  0.0007
1.250  0.0000  0.0000
1.350  0.0000  0.0000
1.450  0.0000  0.0000
1.550  0.0000  0.0000
1.650  0.0000  0.0000
1.750  0.0000  0.0000
