# ICODE=0, JCODE=0
# Normalized GAUSSIAN BF, SIGMA_GAUSS=0.3
# NSAMPLE=100000, Tblast=100, UPERPblast(x,y)=(0.75,0.75)
# BARYON_FUDGE=0.75
# ------- normalization=0.279481 -----------------
#dely    BF
0.050  0.5014  0.0033
0.150  0.4354  0.0029
0.250  0.4059  0.0029
0.350  0.3109  0.0023
0.450  0.2631  0.0021
0.550  0.2151  0.0018
0.650  0.1978  0.0018
0.750  0.1405  0.0014
0.850  0.0961  0.0010
0.950  0.0712  0.0008
1.050  0.0565  0.0007
1.150  0.0424  0.0006
1.250  0.0221  0.0004
1.350  0.0187  0.0004
1.450  0.0085  0.0002
1.550  0.0052  0.0001
1.650  0.0035  0.0001
1.750  0.0004  0.0000
