# ICODE=1735357040, JCODE=0
# Normalized GAUSSIAN BF, SIGMA_GAUSS=0.3
# NSAMPLE=100000, Tblast=100, UPERPblast(x,y)=(0.75,0.75)
# BARYON_FUDGE=0.75
# ------- normalization=0.0873547 -----------------
#dely    BF
0.050  0.0308  0.0002
0.150  0.0361  0.0003
0.250  0.0353  0.0003
0.350  0.0453  0.0004
0.450  0.0572  0.0005
0.550  0.0576  0.0005
0.650  0.0553  0.0005
0.750  0.0759  0.0008
0.850  0.0721  0.0008
0.950  0.0835  0.0010
1.050  0.0803  0.0011
1.150  0.0647  0.0010
1.250  0.0595  0.0010
1.350  0.0436  0.0008
1.450  0.0341  0.0008
1.550  0.0315  0.0009
1.650  0.0075  0.0003
1.750  0.0033  0.0002
