# ICODE=211, JCODE=-211
# Normalized GAUSSIAN BF, SIGMA_GAUSS=0.3
# NSAMPLE=100000, Tblast=100, UPERPblast(x,y)=(0.75,0.75)
# BARYON_FUDGE=0.75
# ------- normalization=0.244332 -----------------
#dely    BF
0.050  0.3138  0.0026
0.150  0.3154  0.0027
0.250  0.2956  0.0026
0.350  0.2803  0.0026
0.450  0.2412  0.0024
0.550  0.2152  0.0023
0.650  0.1700  0.0019
0.750  0.1685  0.0021
0.850  0.1298  0.0018
0.950  0.1063  0.0016
1.050  0.0636  0.0011
1.150  0.0627  0.0012
1.250  0.0374  0.0009
1.350  0.0197  0.0005
1.450  0.0137  0.0005
1.550  0.0089  0.0004
1.650  0.0013  0.0001
1.750  0.0001  0.0000
