# ICODE=321, JCODE=-321
# Normalized GAUSSIAN BF, SIGMA_GAUSS=0.3
# NSAMPLE=100000, Tblast=100, UPERPblast(x,y)=(0.75,0.75)
# BARYON_FUDGE=0.75
# ------- normalization=0.098068 -----------------
#dely    BF
0.050  0.1871  0.0080
0.150  0.2368  0.0101
0.250  0.1650  0.0074
0.350  0.1420  0.0066
0.450  0.0688  0.0035
0.550  0.0857  0.0050
0.650  0.0344  0.0021
0.750  0.0316  0.0022
0.850  0.0076  0.0006
0.950  0.0090  0.0009
1.050  0.0038  0.0004
1.150  0.0026  0.0004
1.250  0.0051  0.0009
1.350  0.0004  0.0001
1.450  0.0008  0.0003
1.550  0.0000  0.0000
1.650  0.0000  0.0000
1.750  0.0000  0.0000
