# ICODE=321, JCODE=-321
# Normalized GAUSSIAN BF, SIGMA_GAUSS=0.3
# NSAMPLE=100000, Tblast=100, UPERPblast(x,y)=(0.75,0.75)
# BARYON_FUDGE=0.75
# ------- normalization=0.118587 -----------------
#dely    BF
0.050  0.2023  0.0100
0.150  0.1923  0.0096
0.250  0.1620  0.0083
0.350  0.1631  0.0088
0.450  0.1350  0.0082
0.550  0.1020  0.0064
0.650  0.0704  0.0053
0.750  0.0594  0.0047
0.850  0.0459  0.0041
0.950  0.0305  0.0032
1.050  0.0085  0.0011
1.150  0.0113  0.0016
1.250  0.0025  0.0005
1.350  0.0006  0.0002
1.450  0.0002  0.0001
1.550  0.0000  0.0000
1.650  0.0000  0.0000
1.750  0.0000  0.0000
