# ICODE=321, JCODE=-321
# Normalized GAUSSIAN BF, SIGMA_GAUSS=0.3
# NSAMPLE=100000, Tblast=100, UPERPblast(x,y)=(0.75,0.75)
# BARYON_FUDGE=0.75
# ------- normalization=0.0748645 -----------------
#dely    BF
0.050  0.1141  0.0067
0.150  0.1113  0.0064
0.250  0.1177  0.0072
0.350  0.0804  0.0054
0.450  0.0787  0.0056
0.550  0.0587  0.0046
0.650  0.0538  0.0046
0.750  0.0512  0.0043
0.850  0.0269  0.0025
0.950  0.0253  0.0026
1.050  0.0089  0.0011
1.150  0.0135  0.0020
1.250  0.0042  0.0008
1.350  0.0021  0.0005
1.450  0.0018  0.0005
1.550  0.0000  0.0000
1.650  0.0000  0.0000
1.750  0.0000  0.0000
