# ICODE=2212, JCODE=-2212
# Normalized GAUSSIAN BF, SIGMA_GAUSS=0.3
# NSAMPLE=100000, Tblast=100, UPERPblast(x,y)=(0.75,0.75)
# BARYON_FUDGE=0.75
# ------- normalization=0.0493418 -----------------
#dely    BF
0.050  0.0801  0.0132
0.150  0.0503  0.0089
0.250  0.0857  0.0134
0.350  0.0496  0.0096
0.450  0.0527  0.0103
0.550  0.0746  0.0193
0.650  0.0228  0.0059
0.750  0.0359  0.0093
0.850  0.0118  0.0053
0.950  0.0184  0.0075
1.050 -0.0001 -0.0001
1.150  0.0093  0.0046
1.250  0.0024  0.0014
1.350  0.0000  0.0000
1.450  0.0000  0.0000
1.550  0.0000  0.0000
1.650  0.0000  0.0000
1.750  0.0000  0.0000
