# ICODE=2212, JCODE=-2212
# Normalized GAUSSIAN BF, SIGMA_GAUSS=0.3
# NSAMPLE=100000, Tblast=100, UPERPblast(x,y)=(0.75,0.75)
# BARYON_FUDGE=0.75
# ------- normalization=0.0158615 -----------------
#dely    BF
0.050  0.0020  0.0004
0.150  0.0158  0.0030
0.250  0.0389  0.0100
0.350  0.0150  0.0038
0.450  0.0144  0.0037
0.550  0.0205  0.0051
0.650  0.0076  0.0017
0.750  0.0089  0.0030
0.850  0.0197  0.0099
0.950 -0.0008 -0.0003
1.050  0.0167  0.0097
1.150  0.0000  0.0000
1.250  0.0000  0.0000
1.350  0.0000  0.0000
1.450  0.0000  0.0000
1.550  0.0000  0.0000
1.650  0.0000  0.0000
1.750  0.0000  0.0000
