# ICODE=211, JCODE=-211
# Normalized GAUSSIAN BF, SIGMA_GAUSS=0.3
# NSAMPLE=100000, Tblast=100, UPERPblast(x,y)=(0.75,0.75)
# BARYON_FUDGE=0.75
# ------- normalization=0.27914 -----------------
#dely    BF
0.050  0.4474  0.0040
0.150  0.4375  0.0040
0.250  0.3906  0.0037
0.350  0.3288  0.0033
0.450  0.3056  0.0032
0.550  0.2329  0.0026
0.650  0.1964  0.0023
0.750  0.1610  0.0021
0.850  0.1121  0.0016
0.950  0.0633  0.0010
1.050  0.0516  0.0009
1.150  0.0336  0.0007
1.250  0.0118  0.0003
1.350  0.0094  0.0002
1.450  0.0040  0.0001
1.550  0.0058  0.0003
1.650 -0.0004 -0.0000
1.750 -0.0000 -0.0000
