# ICODE=2212, JCODE=-2212
# Normalized GAUSSIAN BF, SIGMA_GAUSS=0.3
# NSAMPLE=100000, Tblast=100, UPERPblast(x,y)=(0.75,0.75)
# BARYON_FUDGE=0.75
# ------- normalization=0.0192638 -----------------
#dely    BF
0.050  0.0241  0.0029
0.150  0.0034  0.0004
0.250  0.0223  0.0032
0.350  0.0229  0.0037
0.450  0.0385  0.0063
0.550  0.0067  0.0013
0.650  0.0194  0.0043
0.750 -0.0042 -0.0008
0.850  0.0208  0.0069
0.950  0.0172  0.0054
1.050  0.0177  0.0089
1.150 -0.0038 -0.0027
1.250  0.0076  0.0076
1.350  0.0000  0.0000
1.450  0.0000  0.0000
1.550  0.0000  0.0000
1.650  0.0000  0.0000
1.750  0.0000  0.0000
