# ICODE=321, JCODE=-321
# Normalized GAUSSIAN BF, SIGMA_GAUSS=0.3
# NSAMPLE=100000, Tblast=100, UPERPblast(x,y)=(0.75,0.75)
# BARYON_FUDGE=0.75
# ------- normalization=0.0290402 -----------------
#dely    BF
0.050  0.0264  0.0011
0.150  0.0130  0.0006
0.250  0.0160  0.0007
0.350  0.0167  0.0008
0.450  0.0361  0.0019
0.550  0.0359  0.0020
0.650  0.0368  0.0025
0.750  0.0372  0.0026
0.850  0.0107  0.0010
0.950  0.0201  0.0020
1.050  0.0157  0.0019
1.150  0.0123  0.0016
1.250  0.0113  0.0023
1.350  0.0020  0.0004
1.450 -0.0006 -0.0002
1.550  0.0010  0.0005
1.650  0.0000  0.0000
1.750  0.0000  0.0000
