# ICODE=211, JCODE=-211
# Normalized GAUSSIAN BF, SIGMA_GAUSS=0.3
# NSAMPLE=100000, Tblast=100, UPERPblast(x,y)=(0.75,0.75)
# BARYON_FUDGE=0.75
# ------- normalization=0.248783 -----------------
#dely    BF
0.050  0.3158  0.0030
0.150  0.2944  0.0028
0.250  0.2866  0.0029
0.350  0.2567  0.0027
0.450  0.2194  0.0025
0.550  0.2103  0.0025
0.650  0.2036  0.0026
0.750  0.1774  0.0024
0.850  0.1507  0.0022
0.950  0.1225  0.0020
1.050  0.0856  0.0016
1.150  0.0580  0.0012
1.250  0.0423  0.0010
1.350  0.0306  0.0009
1.450  0.0197  0.0006
1.550  0.0085  0.0004
1.650  0.0048  0.0003
1.750  0.0011  0.0002
