# ICODE=2212, JCODE=-2212
# Normalized GAUSSIAN BF, SIGMA_GAUSS=0.3
# NSAMPLE=100000, Tblast=100, UPERPblast(x,y)=(0.75,0.75)
# BARYON_FUDGE=0.75
# ------- normalization=0.0188991 -----------------
#dely    BF
0.050 -0.0005 -0.0001
0.150  0.0057  0.0012
0.250  0.0186  0.0032
0.350  0.0182  0.0033
0.450  0.0423  0.0085
0.550  0.0413  0.0081
0.650  0.0341  0.0094
0.750  0.0103  0.0032
0.850  0.0084  0.0023
0.950  0.0025  0.0009
1.050  0.0082  0.0034
1.150  0.0000  0.0000
1.250  0.0000  0.0000
1.350  0.0000  0.0000
1.450  0.0000  0.0000
1.550  0.0000  0.0000
1.650  0.0000  0.0000
1.750  0.0000  0.0000
