# ICODE=211, JCODE=-211
# Normalized GAUSSIAN BF, SIGMA_GAUSS=0.3
# NSAMPLE=100000, Tblast=100, UPERPblast(x,y)=(0.75,0.75)
# BARYON_FUDGE=0.75
# ------- normalization=0.172447 -----------------
#dely    BF
0.050  0.2866  0.0025
0.150  0.2738  0.0024
0.250  0.2458  0.0022
0.350  0.2142  0.0020
0.450  0.1666  0.0017
0.550  0.1628  0.0018
0.650  0.1196  0.0014
0.750  0.0862  0.0011
0.850  0.0723  0.0010
0.950  0.0466  0.0007
1.050  0.0289  0.0005
1.150  0.0194  0.0004
1.250 -0.0013 -0.0000
1.350  0.0033  0.0001
1.450  0.0035  0.0001
1.550 -0.0018 -0.0001
1.650 -0.0019 -0.0001
1.750 -0.0001 -0.0000
