# ICODE=1701080941, JCODE=0
# Normalized GAUSSIAN BF, SIGMA_GAUSS=0.3
# NSAMPLE=100000, Tblast=100, UPERPblast(x,y)=(0.75,0.75)
# BARYON_FUDGE=0.75
# ------- normalization=0.174009 -----------------
#dely    BF
0.050  0.2248  0.0017
0.150  0.1998  0.0016
0.250  0.1792  0.0015
0.350  0.1831  0.0016
0.450  0.1717  0.0015
0.550  0.1534  0.0015
0.650  0.1215  0.0012
0.750  0.1030  0.0011
0.850  0.0965  0.0011
0.950  0.0807  0.0010
1.050  0.0676  0.0009
1.150  0.0588  0.0009
1.250  0.0354  0.0006
1.350  0.0230  0.0005
1.450  0.0167  0.0004
1.550  0.0192  0.0005
1.650  0.0038  0.0001
1.750  0.0023  0.0002
