# ICODE=2212, JCODE=-2212
# Normalized GAUSSIAN BF, SIGMA_GAUSS=0.3
# NSAMPLE=100000, Tblast=100, UPERPblast(x,y)=(0.75,0.75)
# BARYON_FUDGE=0.75
# ------- normalization=0.0316218 -----------------
#dely    BF
0.050  0.0583  0.0090
0.150  0.0249  0.0052
0.250  0.0358  0.0061
0.350  0.0200  0.0044
0.450  0.0438  0.0109
0.550  0.0543  0.0106
0.650  0.0068  0.0018
0.750  0.0295  0.0079
0.850  0.0118  0.0045
0.950  0.0251  0.0079
1.050 -0.0010 -0.0010
1.150  0.0067  0.0039
1.250  0.0001  0.0001
1.350  0.0000  0.0000
1.450  0.0000  0.0000
1.550  0.0000  0.0000
1.650  0.0000  0.0000
1.750  0.0000  0.0000
