# ICODE=211, JCODE=-211
# Normalized GAUSSIAN BF, SIGMA_GAUSS=0.3
# NSAMPLE=100000, Tblast=100, UPERPblast(x,y)=(0.75,0.75)
# BARYON_FUDGE=0.75
# ------- normalization=0.348148 -----------------
#dely    BF
0.050  0.6028  0.0054
0.150  0.5362  0.0050
0.250  0.4781  0.0046
0.350  0.4122  0.0042
0.450  0.3376  0.0036
0.550  0.3067  0.0035
0.650  0.2101  0.0026
0.750  0.1776  0.0023
0.850  0.1445  0.0020
0.950  0.0970  0.0015
1.050  0.0792  0.0014
1.150  0.0398  0.0008
1.250  0.0238  0.0005
1.350  0.0183  0.0005
1.450  0.0120  0.0004
1.550  0.0048  0.0002
1.650  0.0010  0.0001
1.750 -0.0000 -0.0000
