# ICODE=2212, JCODE=-2212
# Normalized GAUSSIAN BF, SIGMA_GAUSS=0.3
# NSAMPLE=100000, Tblast=100, UPERPblast(x,y)=(0.75,0.75)
# BARYON_FUDGE=0.75
# ------- normalization=0.137902 -----------------
#dely    BF
0.050  0.3915  0.0612
0.150  0.0668  0.0122
0.250  0.2321  0.0431
0.350  0.1154  0.0185
0.450  0.1424  0.0264
0.550  0.2375  0.0495
0.650  0.0080  0.0033
0.750  0.0613  0.0185
0.850  0.0849  0.0245
0.950  0.0372  0.0132
1.050  0.0010  0.0006
1.150  0.0003  0.0003
1.250  0.0005  0.0003
1.350  0.0000  0.0000
1.450  0.0000  0.0000
1.550  0.0000  0.0000
1.650  0.0000  0.0000
1.750  0.0000  0.0000
