# ICODE=211, JCODE=-211
# Normalized GAUSSIAN BF, SIGMA_GAUSS=0.3
# NSAMPLE=100000, Tblast=100, UPERPblast(x,y)=(0.75,0.75)
# BARYON_FUDGE=0.75
# ------- normalization=0.101618 -----------------
#dely    BF
0.050  0.0627  0.0006
0.150  0.0395  0.0004
0.250  0.0630  0.0007
0.350  0.0747  0.0008
0.450  0.0872  0.0010
0.550  0.0710  0.0009
0.650  0.0830  0.0011
0.750  0.0745  0.0010
0.850  0.0973  0.0015
0.950  0.0662  0.0011
1.050  0.0589  0.0011
1.150  0.0623  0.0013
1.250  0.0653  0.0015
1.350  0.0519  0.0014
1.450  0.0361  0.0012
1.550  0.0145  0.0006
1.650  0.0075  0.0005
1.750  0.0008  0.0001
