# ICODE=321, JCODE=-321
# Normalized GAUSSIAN BF, SIGMA_GAUSS=0.3
# NSAMPLE=100000, Tblast=100, UPERPblast(x,y)=(0.75,0.75)
# BARYON_FUDGE=0.75
# ------- normalization=0.0936643 -----------------
#dely    BF
0.050  0.1123  0.0064
0.150  0.1503  0.0084
0.250  0.1105  0.0067
0.350  0.1228  0.0072
0.450  0.0917  0.0060
0.550  0.0631  0.0042
0.650  0.0928  0.0068
0.750  0.0660  0.0053
0.850  0.0548  0.0048
0.950  0.0224  0.0024
1.050  0.0337  0.0041
1.150  0.0116  0.0015
1.250  0.0000  0.0000
1.350  0.0043  0.0011
1.450  0.0003  0.0001
1.550  0.0000  0.0000
1.650  0.0000  0.0000
1.750  0.0000  0.0000
