# ICODE=2212, JCODE=-2212
# Normalized GAUSSIAN BF, SIGMA_GAUSS=0.3
# NSAMPLE=100000, Tblast=100, UPERPblast(x,y)=(0.75,0.75)
# BARYON_FUDGE=0.75
# ------- normalization=0.0211224 -----------------
#dely    BF
0.050  0.0286  0.0049
0.150  0.0866  0.0149
0.250  0.1207  0.0207
0.350 -0.0127 -0.0025
0.450  0.0198  0.0041
0.550 -0.0190 -0.0049
0.650  0.0021  0.0005
0.750  0.0010  0.0003
0.850  0.0000  0.0000
0.950 -0.0026 -0.0015
1.050 -0.0045 -0.0032
1.150 -0.0088 -0.0039
1.250  0.0000  0.0000
1.350  0.0000  0.0000
1.450  0.0000  0.0000
1.550  0.0000  0.0000
1.650  0.0000  0.0000
1.750  0.0000  0.0000
