# ICODE=321, JCODE=-321
# Normalized GAUSSIAN BF, SIGMA_GAUSS=0.3
# NSAMPLE=100000, Tblast=100, UPERPblast(x,y)=(0.75,0.75)
# BARYON_FUDGE=0.75
# ------- normalization=0.0928878 -----------------
#dely    BF
0.050  0.2600  0.0124
0.150  0.1905  0.0091
0.250  0.1796  0.0094
0.350  0.1364  0.0074
0.450  0.1105  0.0063
0.550  0.0485  0.0031
0.650  0.0186  0.0013
0.750  0.0153  0.0012
0.850  0.0037  0.0003
0.950 -0.0082 -0.0009
1.050 -0.0118 -0.0014
1.150 -0.0052 -0.0008
1.250 -0.0037 -0.0008
1.350 -0.0045 -0.0010
1.450 -0.0008 -0.0002
1.550  0.0000  0.0000
1.650  0.0000  0.0000
1.750  0.0000  0.0000
