# ICODE=1701080941, JCODE=0
# Normalized GAUSSIAN BF, SIGMA_GAUSS=0.3
# NSAMPLE=100000, Tblast=100, UPERPblast(x,y)=(0.75,0.75)
# BARYON_FUDGE=0.75
# ------- normalization=0.128684 -----------------
#dely    BF
0.050  0.1487  0.0009
0.150  0.1430  0.0009
0.250  0.1391  0.0010
0.350  0.1249  0.0009
0.450  0.1101  0.0008
0.550  0.0984  0.0008
0.650  0.0927  0.0008
0.750  0.0726  0.0007
0.850  0.0706  0.0007
0.950  0.0675  0.0008
1.050  0.0583  0.0007
1.150  0.0430  0.0006
1.250  0.0393  0.0006
1.350  0.0278  0.0005
1.450  0.0238  0.0005
1.550  0.0163  0.0005
1.650  0.0074  0.0003
1.750  0.0032  0.0002
