# ICODE=2212, JCODE=-2212
# Normalized GAUSSIAN BF, SIGMA_GAUSS=0.3
# NSAMPLE=100000, Tblast=100, UPERPblast(x,y)=(0.75,0.75)
# BARYON_FUDGE=0.75
# ------- normalization=0.0594538 -----------------
#dely    BF
0.050  0.1484  0.0214
0.150  0.0775  0.0149
0.250  0.0347  0.0062
0.350  0.1308  0.0235
0.450  0.0452  0.0104
0.550  0.0623  0.0139
0.650  0.0093  0.0029
0.750  0.0355  0.0099
0.850  0.0175  0.0058
0.950  0.0093  0.0033
1.050  0.0184  0.0106
1.150  0.0056  0.0040
1.250  0.0000  0.0000
1.350  0.0000  0.0000
1.450  0.0000  0.0000
1.550  0.0000  0.0000
1.650  0.0000  0.0000
1.750  0.0000  0.0000
