# ICODE=321, JCODE=-321
# Normalized GAUSSIAN BF, SIGMA_GAUSS=0.3
# NSAMPLE=100000, Tblast=100, UPERPblast(x,y)=(0.75,0.75)
# BARYON_FUDGE=0.75
# ------- normalization=0.115347 -----------------
#dely    BF
0.050  0.1939  0.0093
0.150  0.1494  0.0071
0.250  0.1674  0.0084
0.350  0.1541  0.0083
0.450  0.1276  0.0076
0.550  0.1232  0.0079
0.650  0.0680  0.0052
0.750  0.0544  0.0041
0.850  0.0348  0.0032
0.950  0.0268  0.0027
1.050  0.0276  0.0035
1.150  0.0140  0.0020
1.250  0.0061  0.0012
1.350  0.0025  0.0007
1.450  0.0038  0.0012
1.550 -0.0000 -0.0000
1.650  0.0000  0.0000
1.750  0.0000  0.0000
