# ICODE=0, JCODE=0
# Normalized GAUSSIAN BF, SIGMA_GAUSS=0.3
# NSAMPLE=100000, Tblast=100, UPERPblast(x,y)=(0.75,0.75)
# BARYON_FUDGE=0.75
# ------- normalization=0.169285 -----------------
#dely    BF
0.050  0.1852  0.0013
0.150  0.1580  0.0011
0.250  0.1647  0.0013
0.350  0.1410  0.0011
0.450  0.1492  0.0013
0.550  0.1364  0.0012
0.650  0.1283  0.0012
0.750  0.1076  0.0011
0.850  0.1054  0.0012
0.950  0.0845  0.0010
1.050  0.0875  0.0012
1.150  0.0736  0.0011
1.250  0.0639  0.0011
1.350  0.0434  0.0008
1.450  0.0185  0.0004
1.550  0.0274  0.0008
1.650  0.0146  0.0006
1.750  0.0038  0.0003
