# ICODE=211, JCODE=-211
# Normalized GAUSSIAN BF, SIGMA_GAUSS=0.3
# NSAMPLE=100000, Tblast=100, UPERPblast(x,y)=(0.75,0.75)
# BARYON_FUDGE=0.75
# ------- normalization=0.135541 -----------------
#dely    BF
0.050  0.1461  0.0014
0.150  0.1508  0.0015
0.250  0.1252  0.0013
0.350  0.1208  0.0013
0.450  0.1027  0.0012
0.550  0.1187  0.0015
0.650  0.0962  0.0012
0.750  0.0910  0.0013
0.850  0.1119  0.0017
0.950  0.0820  0.0013
1.050  0.0657  0.0012
1.150  0.0491  0.0010
1.250  0.0348  0.0008
1.350  0.0250  0.0007
1.450  0.0219  0.0007
1.550  0.0091  0.0004
1.650  0.0042  0.0003
1.750  0.0004  0.0001
