# ICODE=321, JCODE=-321
# Normalized GAUSSIAN BF, SIGMA_GAUSS=0.3
# NSAMPLE=100000, Tblast=100, UPERPblast(x,y)=(0.75,0.75)
# BARYON_FUDGE=0.75
# ------- normalization=0.0906854 -----------------
#dely    BF
0.050  0.1281  0.0074
0.150  0.1248  0.0072
0.250  0.1368  0.0083
0.350  0.0896  0.0057
0.450  0.0782  0.0052
0.550  0.0783  0.0057
0.650  0.0852  0.0069
0.750  0.0288  0.0023
0.850  0.0579  0.0054
0.950  0.0360  0.0038
1.050  0.0248  0.0031
1.150  0.0338  0.0049
1.250 -0.0019 -0.0004
1.350  0.0057  0.0014
1.450  0.0009  0.0003
1.550 -0.0002 -0.0001
1.650  0.0000  0.0000
1.750  0.0000  0.0000
