# ICODE=211, JCODE=-211
# Normalized GAUSSIAN BF, SIGMA_GAUSS=0.3
# NSAMPLE=100000, Tblast=100, UPERPblast(x,y)=(0.75,0.75)
# BARYON_FUDGE=0.75
# ------- normalization=0.192423 -----------------
#dely    BF
0.050  0.2408  0.0022
0.150  0.2186  0.0021
0.250  0.2188  0.0021
0.350  0.1838  0.0019
0.450  0.1768  0.0019
0.550  0.1659  0.0019
0.650  0.1322  0.0016
0.750  0.1389  0.0018
0.850  0.1215  0.0018
0.950  0.0826  0.0013
1.050  0.0758  0.0013
1.150  0.0494  0.0010
1.250  0.0499  0.0011
1.350  0.0252  0.0007
1.450  0.0235  0.0008
1.550  0.0143  0.0006
1.650  0.0058  0.0004
1.750  0.0005  0.0001
