# ICODE=0, JCODE=0
# Normalized GAUSSIAN BF, SIGMA_GAUSS=0.3
# NSAMPLE=100000, Tblast=100, UPERPblast(x,y)=(0.75,0.75)
# BARYON_FUDGE=0.75
# ------- normalization=0.118532 -----------------
#dely    BF
0.050  0.1661  0.0013
0.150  0.1450  0.0012
0.250  0.1349  0.0012
0.350  0.1271  0.0011
0.450  0.1212  0.0012
0.550  0.0920  0.0009
0.650  0.0859  0.0009
0.750  0.0665  0.0008
0.850  0.0587  0.0007
0.950  0.0512  0.0007
1.050  0.0434  0.0006
1.150  0.0291  0.0005
1.250  0.0246  0.0004
1.350  0.0205  0.0004
1.450  0.0084  0.0002
1.550  0.0066  0.0002
1.650  0.0026  0.0001
1.750  0.0014  0.0001
