# ICODE=2212, JCODE=-2212
# Normalized GAUSSIAN BF, SIGMA_GAUSS=0.3
# NSAMPLE=100000, Tblast=100, UPERPblast(x,y)=(0.75,0.75)
# BARYON_FUDGE=0.75
# ------- normalization=0.134279 -----------------
#dely    BF
0.050  0.1475  0.0253
0.150  0.2545  0.0465
0.250  0.2207  0.0425
0.350  0.1702  0.0316
0.450  0.1206  0.0277
0.550  0.0686  0.0157
0.650  0.0536  0.0130
0.750  0.0662  0.0177
0.850  0.1483  0.0396
0.950  0.0282  0.0094
1.050  0.0369  0.0151
1.150  0.0276  0.0159
1.250  0.0000  0.0000
1.350  0.0000  0.0000
1.450  0.0000  0.0000
1.550  0.0000  0.0000
1.650  0.0000  0.0000
1.750  0.0000  0.0000
