# ICODE=321, JCODE=-2212
# Normalized GAUSSIAN BF, SIGMA_GAUSS=0.3
# NSAMPLE=100000, Tblast=100, UPERPblast(x,y)=(0.75,0.75)
# BARYON_FUDGE=0.75
# ------- normalization=0.0224034 -----------------
#dely    BF
0.050  0.0214  0.0020
0.150  0.0234  0.0022
0.250  0.0460  0.0047
0.350  0.0378  0.0036
0.450  0.0246  0.0028
0.550  0.0253  0.0031
0.650  0.0158  0.0021
0.750  0.0011  0.0002
0.850  0.0348  0.0066
0.950  0.0070  0.0014
1.050 -0.0103 -0.0021
1.150 -0.0061 -0.0019
1.250  0.0043  0.0014
1.350 -0.0009 -0.0004
1.450 -0.0001 -0.0001
1.550  0.0000  0.0000
1.650  0.0000  0.0000
1.750  0.0000  0.0000
