# ICODE=2212, JCODE=-2212
# Normalized GAUSSIAN BF, SIGMA_GAUSS=0.3
# NSAMPLE=100000, Tblast=100, UPERPblast(x,y)=(0.75,0.75)
# BARYON_FUDGE=0.75
# ------- normalization=0.125151 -----------------
#dely    BF
0.050  0.2673  0.0403
0.150  0.2474  0.0418
0.250  0.2020  0.0341
0.350  0.2044  0.0361
0.450  0.0613  0.0134
0.550  0.0926  0.0207
0.650  0.0925  0.0202
0.750  0.0487  0.0147
0.850  0.0172  0.0043
0.950  0.0016  0.0008
1.050  0.0105  0.0053
1.150  0.0059  0.0034
1.250  0.0000  0.0000
1.350  0.0000  0.0000
1.450  0.0000  0.0000
1.550  0.0000  0.0000
1.650  0.0000  0.0000
1.750  0.0000  0.0000
