# ICODE=321, JCODE=-321
# Normalized GAUSSIAN BF, SIGMA_GAUSS=0.3
# NSAMPLE=100000, Tblast=100, UPERPblast(x,y)=(0.75,0.75)
# BARYON_FUDGE=0.75
# ------- normalization=0.106045 -----------------
#dely    BF
0.050  0.2546  0.0141
0.150  0.2197  0.0121
0.250  0.1888  0.0110
0.350  0.1319  0.0081
0.450  0.1277  0.0080
0.550  0.0669  0.0049
0.650  0.0320  0.0027
0.750  0.0171  0.0017
0.850  0.0163  0.0015
0.950  0.0026  0.0003
1.050  0.0052  0.0006
1.150 -0.0015 -0.0002
1.250  0.0000  0.0000
1.350 -0.0007 -0.0002
1.450 -0.0001 -0.0000
1.550  0.0000  0.0000
1.650  0.0000  0.0000
1.750  0.0000  0.0000
