# ICODE=211, JCODE=-211
# Normalized GAUSSIAN BF, SIGMA_GAUSS=0.3
# NSAMPLE=100000, Tblast=100, UPERPblast(x,y)=(0.75,0.75)
# BARYON_FUDGE=0.75
# ------- normalization=0.224219 -----------------
#dely    BF
0.050  0.3552  0.0027
0.150  0.3284  0.0026
0.250  0.2792  0.0023
0.350  0.2496  0.0022
0.450  0.2506  0.0024
0.550  0.2014  0.0020
0.650  0.1452  0.0016
0.750  0.1305  0.0015
0.850  0.1019  0.0013
0.950  0.0619  0.0009
1.050  0.0424  0.0007
1.150  0.0428  0.0008
1.250  0.0245  0.0005
1.350  0.0147  0.0004
1.450  0.0073  0.0002
1.550  0.0036  0.0002
1.650  0.0028  0.0002
1.750  0.0000  0.0000
