# ICODE=321, JCODE=-321
# Normalized GAUSSIAN BF, SIGMA_GAUSS=0.3
# NSAMPLE=100000, Tblast=100, UPERPblast(x,y)=(0.75,0.75)
# BARYON_FUDGE=0.75
# ------- normalization=0.108969 -----------------
#dely    BF
0.050  0.1833  0.0095
0.150  0.1637  0.0088
0.250  0.1711  0.0095
0.350  0.1506  0.0089
0.450  0.1148  0.0072
0.550  0.0697  0.0050
0.650  0.0799  0.0059
0.750  0.0476  0.0042
0.850  0.0406  0.0035
0.950  0.0260  0.0027
1.050  0.0265  0.0033
1.150  0.0027  0.0004
1.250  0.0112  0.0019
1.350  0.0019  0.0004
1.450  0.0001  0.0000
1.550  0.0000  0.0000
1.650  0.0000  0.0000
1.750  0.0000  0.0000
