# ICODE=321, JCODE=-2212
# Normalized GAUSSIAN BF, SIGMA_GAUSS=0.3
# NSAMPLE=100000, Tblast=100, UPERPblast(x,y)=(0.75,0.75)
# BARYON_FUDGE=0.75
# ------- normalization=0.0408124 -----------------
#dely    BF
0.050  0.0824  0.0071
0.150  0.0773  0.0074
0.250  0.0626  0.0058
0.350  0.0457  0.0044
0.450  0.0444  0.0054
0.550  0.0565  0.0066
0.650  0.0115  0.0016
0.750  0.0113  0.0019
0.850  0.0074  0.0014
0.950  0.0018  0.0004
1.050  0.0020  0.0005
1.150  0.0038  0.0011
1.250  0.0006  0.0002
1.350  0.0009  0.0006
1.450  0.0000  0.0000
1.550  0.0000  0.0000
1.650  0.0000  0.0000
1.750  0.0000  0.0000
