# ICODE=211, JCODE=-211
# Normalized GAUSSIAN BF, SIGMA_GAUSS=0.3
# NSAMPLE=100000, Tblast=100, UPERPblast(x,y)=(0.75,0.75)
# BARYON_FUDGE=0.75
# ------- normalization=0.420935 -----------------
#dely    BF
0.050  0.5429  0.0050
0.150  0.5494  0.0053
0.250  0.4776  0.0047
0.350  0.4654  0.0049
0.450  0.4103  0.0045
0.550  0.3644  0.0042
0.650  0.3190  0.0039
0.750  0.2579  0.0035
0.850  0.1985  0.0029
0.950  0.1590  0.0025
1.050  0.1477  0.0026
1.150  0.1103  0.0022
1.250  0.0773  0.0017
1.350  0.0628  0.0016
1.450  0.0412  0.0013
1.550  0.0199  0.0008
1.650  0.0053  0.0003
1.750  0.0005  0.0001
