# ICODE=321, JCODE=-321
# Normalized GAUSSIAN BF, SIGMA_GAUSS=0.3
# NSAMPLE=100000, Tblast=100, UPERPblast(x,y)=(0.75,0.75)
# BARYON_FUDGE=0.75
# ------- normalization=0.0943209 -----------------
#dely    BF
0.050  0.1145  0.0053
0.150  0.1056  0.0053
0.250  0.1018  0.0051
0.350  0.1198  0.0064
0.450  0.1298  0.0072
0.550  0.0619  0.0040
0.650  0.0899  0.0062
0.750  0.0733  0.0058
0.850  0.0367  0.0036
0.950  0.0269  0.0029
1.050  0.0344  0.0041
1.150  0.0291  0.0046
1.250  0.0140  0.0031
1.350  0.0004  0.0001
1.450  0.0049  0.0019
1.550  0.0000  0.0000
1.650  0.0000  0.0000
1.750  0.0000  0.0000
