# ICODE=1701080941, JCODE=0
# Normalized GAUSSIAN BF, SIGMA_GAUSS=0.3
# NSAMPLE=100000, Tblast=100, UPERPblast(x,y)=(0.75,0.75)
# BARYON_FUDGE=0.75
# ------- normalization=0.352866 -----------------
#dely    BF
0.050  0.5291  0.0041
0.150  0.4807  0.0038
0.250  0.4534  0.0038
0.350  0.3797  0.0033
0.450  0.3393  0.0031
0.550  0.2884  0.0028
0.650  0.2530  0.0026
0.750  0.2148  0.0024
0.850  0.1633  0.0019
0.950  0.1336  0.0017
1.050  0.1104  0.0015
1.150  0.0674  0.0010
1.250  0.0409  0.0007
1.350  0.0370  0.0007
1.450  0.0184  0.0004
1.550  0.0103  0.0003
1.650  0.0064  0.0002
1.750  0.0025  0.0002
