# ICODE=2212, JCODE=-2212
# Normalized GAUSSIAN BF, SIGMA_GAUSS=0.3
# NSAMPLE=100000, Tblast=100, UPERPblast(x,y)=(0.75,0.75)
# BARYON_FUDGE=0.75
# ------- normalization=0.133335 -----------------
#dely    BF
0.050  0.3836  0.0522
0.150  0.2348  0.0367
0.250  0.2542  0.0424
0.350  0.1614  0.0281
0.450  0.1410  0.0229
0.550  0.0941  0.0169
0.650  0.0244  0.0059
0.750  0.0380  0.0102
0.850 -0.0069 -0.0019
0.950 -0.0026 -0.0010
1.050 -0.0045 -0.0014
1.150  0.0106  0.0043
1.250  0.0053  0.0053
1.350  0.0000  0.0000
1.450  0.0000  0.0000
1.550  0.0000  0.0000
1.650  0.0000  0.0000
1.750  0.0000  0.0000
