# ICODE=211, JCODE=-211
# Normalized GAUSSIAN BF, SIGMA_GAUSS=0.3
# NSAMPLE=100000, Tblast=100, UPERPblast(x,y)=(0.75,0.75)
# BARYON_FUDGE=0.75
# ------- normalization=0.26368 -----------------
#dely    BF
0.050  0.3099  0.0026
0.150  0.2980  0.0026
0.250  0.2837  0.0026
0.350  0.2458  0.0023
0.450  0.2505  0.0025
0.550  0.2227  0.0024
0.650  0.1988  0.0023
0.750  0.1738  0.0022
0.850  0.1639  0.0023
0.950  0.1349  0.0021
1.050  0.1184  0.0020
1.150  0.0839  0.0016
1.250  0.0658  0.0015
1.350  0.0425  0.0011
1.450  0.0280  0.0009
1.550  0.0096  0.0004
1.650  0.0057  0.0004
1.750  0.0008  0.0002
