# ICODE=2212, JCODE=-2212
# Normalized GAUSSIAN BF, SIGMA_GAUSS=0.3
# NSAMPLE=100000, Tblast=100, UPERPblast(x,y)=(0.75,0.75)
# BARYON_FUDGE=0.75
# ------- normalization=0.0920473 -----------------
#dely    BF
0.050  0.1297  0.0226
0.150  0.1241  0.0230
0.250  0.1177  0.0199
0.350  0.0756  0.0136
0.450  0.0993  0.0181
0.550  0.0846  0.0163
0.650  0.0836  0.0174
0.750  0.0187  0.0059
0.850  0.1185  0.0342
0.950  0.0307  0.0109
1.050  0.0084  0.0032
1.150  0.0140  0.0099
1.250  0.0000  0.0000
1.350  0.0000  0.0000
1.450  0.0155  0.0155
1.550  0.0000  0.0000
1.650  0.0000  0.0000
1.750  0.0000  0.0000
